0.0000 0.0000 0.0000 0.0000 
0.0000 0.0000 0.0000 0.0000 
0.0000 0.0000 0.0000 0.0000 
0.0000 0.0000 0.0000 0.0000 
0.0000 0.0000 0.0000 0.0000 
0.0000 0.0000 0.0000 0.0000 
0.0000 0.0000 0.0000 0.0000 
0.0001 0.0000 0.0000 0.0000 
0.0003 0.0000 0.0000 0.0000 
0.0004 0.0000 0.0000 0.0001 
0.0006 0.0000 0.0000 0.0002 
0.0007 0.0000 0.0000 0.0002 
0.0008 0.0001 0.0000 0.0003 
0.0010 0.0001 0.0000 0.0005 
0.0011 0.0001 0.0000 0.0006 
0.0013 0.0002 0.0000 0.0008 
0.0014 0.0002 0.0000 0.0009 
0.0015 0.0002 0.0000 0.0011 
0.0017 0.0003 0.0000 0.0013 
0.0018 0.0003 0.0000 0.0016 
0.0020 0.0004 0.0000 0.0019 
0.0022 0.0004 0.0000 0.0022 
0.0023 0.0005 0.0000 0.0025 
0.0025 0.0006 0.0000 0.0029 
0.0027 0.0007 0.0000 0.0033 
0.0029 0.0007 0.0000 0.0037 
0.0030 0.0008 0.0000 0.0042 
0.0032 0.0010 0.0000 0.0047 
0.0034 0.0011 0.0000 0.0052 
0.0036 0.0012 0.0000 0.0059 
0.0038 0.0013 0.0000 0.0065 
0.0041 0.0015 0.0000 0.0072 
0.0043 0.0016 0.0000 0.0079 
0.0045 0.0018 0.0000 0.0087 
0.0047 0.0020 0.0000 0.0096 
0.0050 0.0021 0.0000 0.0105 
0.0052 0.0023 0.0000 0.0114 
0.0055 0.0025 0.0000 0.0124 
0.0057 0.0028 0.0000 0.0135 
0.0060 0.0030 0.0000 0.0146 
0.0062 0.0032 0.0000 0.0158 
0.0065 0.0035 0.0000 0.0170 
0.0068 0.0038 0.0000 0.0183 
0.0070 0.0041 0.0000 0.0197 
0.0073 0.0044 0.0000 0.0211 
0.0076 0.0047 0.0000 0.0226 
0.0079 0.0050 0.0000 0.0242 
0.0082 0.0053 0.0000 0.0258 
0.0085 0.0057 0.0000 0.0275 
0.0088 0.0061 0.0000 0.0292 
0.0091 0.0065 0.0000 0.0311 
0.0095 0.0069 0.0000 0.0330 
0.0098 0.0073 0.0000 0.0349 
0.0101 0.0077 0.0000 0.0370 
0.0104 0.0082 0.0000 0.0391 
0.0108 0.0086 0.0000 0.0413 
0.0111 0.0091 0.0000 0.0436 
0.0115 0.0096 0.0001 0.0459 
0.0119 0.0101 0.0001 0.0483 
0.0122 0.0107 0.0001 0.0508 
0.0126 0.0112 0.0001 0.0534 
0.0130 0.0118 0.0001 0.0561 
0.0134 0.0124 0.0001 0.0588 
0.0138 0.0130 0.0001 0.0616 
0.0142 0.0137 0.0001 0.0645 
0.0146 0.0143 0.0001 0.0674 
0.0150 0.0150 0.0001 0.0705 
0.0154 0.0157 0.0001 0.0736 
0.0158 0.0164 0.0001 0.0768 
0.0163 0.0171 0.0001 0.0801 
0.0167 0.0179 0.0001 0.0834 
0.0171 0.0186 0.0001 0.0869 
0.0176 0.0194 0.0001 0.0904 
0.0180 0.0202 0.0001 0.0940 
0.0185 0.0210 0.0001 0.0976 
0.0190 0.0219 0.0001 0.1013 
0.0194 0.0227 0.0001 0.1051 
0.0199 0.0236 0.0001 0.1089 
0.0204 0.0245 0.0001 0.1127 
0.0209 0.0254 0.0001 0.1167 
0.0214 0.0263 0.0001 0.1206 
0.0219 0.0272 0.0001 0.1246 
0.0224 0.0282 0.0002 0.1287 
0.0229 0.0292 0.0002 0.1328 
0.0234 0.0301 0.0002 0.1369 
0.0239 0.0311 0.0002 0.1411 
0.0244 0.0321 0.0002 0.1454 
0.0249 0.0331 0.0002 0.1497 
0.0254 0.0342 0.0002 0.1540 
0.0260 0.0352 0.0002 0.1584 
0.0265 0.0363 0.0002 0.1628 
0.0271 0.0374 0.0002 0.1673 
0.0276 0.0385 0.0002 0.1717 
0.0281 0.0396 0.0002 0.1763 
0.0287 0.0407 0.0002 0.1809 
0.0293 0.0419 0.0002 0.1855 
0.0298 0.0430 0.0002 0.1901 
0.0304 0.0442 0.0002 0.1948 
0.0310 0.0454 0.0002 0.1995 
0.0316 0.0466 0.0003 0.2043 
0.0322 0.0478 0.0003 0.2091 
0.0328 0.0490 0.0003 0.2139 
0.0334 0.0503 0.0003 0.2188 
0.0340 0.0516 0.0003 0.2237 
0.0346 0.0528 0.0003 0.2287 
0.0352 0.0541 0.0003 0.2336 
0.0358 0.0555 0.0003 0.2387 
0.0365 0.0568 0.0003 0.2437 
0.0371 0.0581 0.0003 0.2488 
0.0378 0.0595 0.0003 0.2539 
0.0384 0.0609 0.0003 0.2590 
0.0391 0.0623 0.0003 0.2642 
0.0398 0.0637 0.0003 0.2694 
0.0405 0.0652 0.0004 0.2747 
0.0411 0.0666 0.0004 0.2799 
0.0418 0.0681 0.0004 0.2853 
0.0426 0.0696 0.0004 0.2906 
0.0433 0.0711 0.0004 0.2960 
0.0440 0.0727 0.0004 0.3014 
0.0447 0.0742 0.0004 0.3068 
0.0455 0.0758 0.0004 0.3123 
0.0462 0.0774 0.0004 0.3178 
0.0470 0.0790 0.0004 0.3233 
0.0478 0.0807 0.0004 0.3289 
0.0485 0.0823 0.0004 0.3344 
0.0493 0.0840 0.0005 0.3401 
0.0501 0.0858 0.0005 0.3457 
0.0510 0.0875 0.0005 0.3514 
0.0518 0.0893 0.0005 0.3571 
0.0526 0.0910 0.0005 0.3629 
0.0535 0.0929 0.0005 0.3686 
0.0544 0.0947 0.0005 0.3745 
0.0552 0.0966 0.0005 0.3803 
0.0561 0.0985 0.0005 0.3862 
0.0570 0.1004 0.0005 0.3921 
0.0580 0.1024 0.0006 0.3980 
0.0589 0.1044 0.0006 0.4040 
0.0598 0.1064 0.0006 0.4100 
0.0608 0.1084 0.0006 0.4160 
0.0618 0.1105 0.0006 0.4221 
0.0628 0.1126 0.0006 0.4282 
0.0638 0.1148 0.0006 0.4343 
0.0649 0.1170 0.0006 0.4405 
0.0659 0.1192 0.0006 0.4467 
0.0670 0.1215 0.0007 0.4530 
0.0681 0.1238 0.0007 0.4592 
0.0692 0.1262 0.0007 0.4656 
0.0703 0.1286 0.0007 0.4719 
0.0715 0.1310 0.0007 0.4783 
0.0727 0.1335 0.0007 0.4847 
0.0739 0.1360 0.0007 0.4912 
0.0751 0.1386 0.0007 0.4977 
0.0764 0.1413 0.0008 0.5042 
0.0777 0.1440 0.0008 0.5108 
0.0790 0.1468 0.0008 0.5174 
0.0803 0.1496 0.0008 0.5241 
0.0817 0.1525 0.0008 0.5308 
0.0831 0.1554 0.0008 0.5375 
0.0846 0.1584 0.0009 0.5443 
0.0861 0.1615 0.0009 0.5511 
0.0876 0.1647 0.0009 0.5580 
0.0892 0.1680 0.0009 0.5649 
0.0908 0.1713 0.0009 0.5719 
0.0924 0.1747 0.0009 0.5789 
0.0942 0.1783 0.0010 0.5859 
0.0959 0.1819 0.0010 0.5930 
0.0977 0.1856 0.0010 0.6002 
0.0996 0.1895 0.0010 0.6074 
0.1015 0.1935 0.0010 0.6147 
0.1035 0.1976 0.0011 0.6220 
0.1056 0.2018 0.0011 0.6294 
0.1078 0.2062 0.0011 0.6369 
0.1100 0.2108 0.0011 0.6444 
0.1124 0.2156 0.0012 0.6521 
0.1148 0.2206 0.0012 0.6598 
0.1174 0.2258 0.0012 0.6676 
0.1201 0.2313 0.0012 0.6755 
0.1230 0.2371 0.0013 0.6835 
0.1261 0.2432 0.0013 0.6917 
0.1293 0.2497 0.0013 0.7000 
0.1327 0.2566 0.0014 0.7083 
0.1364 0.2638 0.0014 0.7167 
0.1401 0.2712 0.0015 0.7248 
0.1438 0.2786 0.0015 0.7325 
0.1476 0.2860 0.0015 0.7397 
0.1514 0.2934 0.0016 0.7465 
0.1552 0.3009 0.0016 0.7529 
0.1590 0.3083 0.0016 0.7590 
0.1628 0.3158 0.0017 0.7646 
0.1667 0.3234 0.0017 0.7700 
0.1707 0.3310 0.0018 0.7749 
0.1746 0.3386 0.0018 0.7796 
0.1786 0.3463 0.0019 0.7839 
0.1826 0.3539 0.0019 0.7878 
0.1867 0.3616 0.0019 0.7914 
0.1908 0.3693 0.0020 0.7947 
0.1949 0.3771 0.0020 0.7976 
0.1990 0.3849 0.0021 0.8002 
0.2032 0.3927 0.0021 0.8026 
0.2074 0.4005 0.0022 0.8046 
0.2116 0.4084 0.0022 0.8063 
0.2159 0.4163 0.0022 0.8077 
0.2203 0.4243 0.0023 0.8088 
0.2246 0.4323 0.0023 0.8097 
0.2290 0.4403 0.0024 0.8102 
0.2335 0.4484 0.0024 0.8105 
0.2380 0.4565 0.0025 0.8105 
0.2425 0.4646 0.0025 0.8102 
0.2471 0.4728 0.0026 0.8096 
0.2518 0.4810 0.0026 0.8088 
0.2565 0.4893 0.0027 0.8077 
0.2612 0.4976 0.0027 0.8063 
0.2660 0.5059 0.0027 0.8046 
0.2708 0.5143 0.0028 0.8027 
0.2757 0.5227 0.0028 0.8006 
0.2806 0.5312 0.0029 0.7981 
0.2856 0.5397 0.0029 0.7954 
0.2907 0.5482 0.0030 0.7924 
0.2958 0.5568 0.0030 0.7892 
0.3010 0.5654 0.0031 0.7857 
0.3062 0.5740 0.0032 0.7819 
0.3115 0.5827 0.0032 0.7779 
0.3168 0.5914 0.0033 0.7736 
0.3222 0.6001 0.0033 0.7691 
0.3277 0.6089 0.0034 0.7643 
0.3333 0.6177 0.0034 0.7592 
0.3389 0.6265 0.0035 0.7538 
0.3446 0.6353 0.0035 0.7482 
0.3503 0.6442 0.0036 0.7423 
0.3562 0.6531 0.0037 0.7362 
0.3621 0.6621 0.0037 0.7297 
0.3681 0.6710 0.0038 0.7230 
0.3741 0.6800 0.0038 0.7160 
0.3803 0.6889 0.0039 0.7087 
0.3865 0.6979 0.0040 0.7011 
0.3928 0.7069 0.0040 0.6933 
0.3992 0.7160 0.0041 0.6851 
0.4057 0.7250 0.0042 0.6766 
0.4123 0.7340 0.0042 0.6679 
0.4190 0.7431 0.0043 0.6588 
0.4258 0.7521 0.0044 0.6494 
0.4327 0.7611 0.0044 0.6397 
0.4397 0.7701 0.0045 0.6296 
0.4468 0.7791 0.0046 0.6192 
0.4540 0.7881 0.0046 0.6085 
0.4613 0.7970 0.0047 0.5974 
0.4688 0.8060 0.0048 0.5860 
0.4763 0.8148 0.0049 0.5742 
0.4840 0.8237 0.0049 0.5620 
0.4919 0.8325 0.0050 0.5494 
0.4998 0.8412 0.0051 0.5365 
0.5079 0.8499 0.0052 0.5231 
0.5162 0.8585 0.0053 0.5094 
0.5246 0.8670 0.0053 0.4952 
0.5332 0.8754 0.0054 0.4805 
0.5419 0.8837 0.0055 0.4654 
0.5508 0.8919 0.0056 0.4499 
0.5599 0.8999 0.0057 0.4338 
0.5691 0.9079 0.0058 0.4173 
0.5786 0.9156 0.0059 0.4003 
0.5882 0.9232 0.0060 0.3827 
0.5980 0.9306 0.0061 0.3646 
0.6081 0.9378 0.0062 0.3460 
0.6184 0.9447 0.0063 0.3268 
0.6289 0.9514 0.0064 0.3069 
0.6397 0.9578 0.0065 0.2865 
0.6507 0.9639 0.0066 0.2654 
0.6620 0.9697 0.0067 0.2437 
0.6735 0.9751 0.0068 0.2213 
0.6854 0.9801 0.0070 0.1981 
0.6976 0.9846 0.0071 0.1743 
0.7101 0.9887 0.0072 0.1497 
0.7229 0.9922 0.0073 0.1243 
0.7361 0.9951 0.0075 0.0981 
0.7497 0.9975 0.0076 0.0710 
0.7637 0.9991 0.0077 0.0431 
0.7781 0.9999 0.0079 0.0143 
0.7930 0.9999 0.0080 -0.0154 
0.8084 0.9989 0.0082 -0.0461 
0.8243 0.9970 0.0083 -0.0778 
0.8407 0.9939 0.0085 -0.1105 
0.8577 0.9895 0.0087 -0.1443 
0.8754 0.9838 0.0089 -0.1791 
0.8937 0.9766 0.0090 -0.2150 
0.9128 0.9677 0.0092 -0.2521 
0.9327 0.9569 0.0094 -0.2903 
0.9534 0.9441 0.0096 -0.3297 
0.9750 0.9289 0.0099 -0.3703 
0.9977 0.9112 0.0101 -0.4119 
1.0214 0.8906 0.0103 -0.4547 
1.0464 0.8668 0.0106 -0.4986 
1.0722 0.8400 0.0108 -0.5426 
1.0981 0.8108 0.0111 -0.5854 
1.1241 0.7791 0.0113 -0.6268 
1.1504 0.7451 0.0116 -0.6669 
1.1769 0.7088 0.0119 -0.7055 
1.2037 0.6700 0.0121 -0.7423 
1.2304 0.6294 0.0124 -0.7771 
1.2569 0.5873 0.0127 -0.8094 
1.2832 0.5440 0.0129 -0.8391 
1.3093 0.4995 0.0132 -0.8663 
1.3352 0.4539 0.0135 -0.8910 
1.3610 0.4075 0.0137 -0.9132 
1.3866 0.3602 0.0140 -0.9329 
1.4121 0.3121 0.0142 -0.9500 
1.4375 0.2635 0.0145 -0.9647 
1.4628 0.2143 0.0147 -0.9768 
1.4880 0.1648 0.0150 -0.9863 
1.5132 0.1149 0.0152 -0.9934 
1.5384 0.0648 0.0155 -0.9979 
1.5635 0.0146 0.0157 -0.9999 
1.5886 -0.0356 0.0160 -0.9994 
1.6137 -0.0857 0.0162 -0.9963 
1.6388 -0.1356 0.0165 -0.9908 
1.6639 -0.1852 0.0167 -0.9827 
1.6891 -0.2344 0.0170 -0.9721 
1.7143 -0.2831 0.0172 -0.9591 
1.7396 -0.3312 0.0175 -0.9435 
1.7650 -0.3786 0.0177 -0.9255 
1.7904 -0.4252 0.0180 -0.9051 
1.8159 -0.4709 0.0183 -0.8822 
1.8416 -0.5155 0.0185 -0.8569 
1.8674 -0.5591 0.0188 -0.8291 
1.8934 -0.6014 0.0190 -0.7990 
1.9196 -0.6423 0.0193 -0.7664 
1.9459 -0.6818 0.0196 -0.7315 
1.9725 -0.7198 0.0198 -0.6942 
1.9994 -0.7560 0.0201 -0.6546 
2.0260 -0.7898 0.0204 -0.6133 
2.0525 -0.8211 0.0206 -0.5708 
2.0787 -0.8499 0.0209 -0.5270 
2.1047 -0.8761 0.0211 -0.4821 
2.1305 -0.8999 0.0214 -0.4362 
2.1562 -0.9211 0.0217 -0.3893 
2.1818 -0.9398 0.0219 -0.3417 
2.2073 -0.9560 0.0222 -0.2935 
2.2326 -0.9696 0.0224 -0.2446 
2.2579 -0.9807 0.0227 -0.1953 
2.2831 -0.9893 0.0229 -0.1456 
2.3083 -0.9954 0.0232 -0.0956 
2.3335 -0.9990 0.0234 -0.0455 
2.3586 -1.0000 0.0237 0.0047 
2.3837 -0.9985 0.0239 0.0549 
2.4088 -0.9945 0.0242 0.1050 
2.4339 -0.9880 0.0244 0.1548 
2.4590 -0.9789 0.0247 0.2042 
2.4842 -0.9674 0.0249 0.2533 
2.5095 -0.9534 0.0252 0.3017 
2.5348 -0.9369 0.0254 0.3496 
2.5601 -0.9180 0.0257 0.3967 
2.5856 -0.8966 0.0260 0.4429 
2.6112 -0.8727 0.0262 0.4882 
2.6369 -0.8465 0.0265 0.5324 
2.6628 -0.8178 0.0267 0.5755 
2.6889 -0.7867 0.0270 0.6173 
2.7151 -0.7533 0.0273 0.6577 
2.7415 -0.7174 0.0275 0.6966 
2.7682 -0.6792 0.0278 0.7339 
2.7951 -0.6389 0.0281 0.7693 
2.8216 -0.5971 0.0283 0.8021 
2.8480 -0.5541 0.0286 0.8325 
2.8741 -0.5098 0.0288 0.8603 
2.9000 -0.4645 0.0291 0.8856 
2.9258 -0.4183 0.0294 0.9083 
2.9515 -0.3711 0.0296 0.9286 
2.9770 -0.3233 0.0299 0.9463 
3.0024 -0.2747 0.0301 0.9615 
3.0278 -0.2257 0.0304 0.9742 
3.0530 -0.1762 0.0306 0.9844 
3.0782 -0.1264 0.0309 0.9920 
3.1034 -0.0763 0.0311 0.9971 
3.1285 -0.0262 0.0314 0.9997 
3.1536 0.0241 0.0316 0.9997 
3.1787 0.0742 0.0319 0.9972 
3.2038 0.1241 0.0321 0.9923 
3.2290 0.1738 0.0324 0.9848 
3.2541 0.2231 0.0326 0.9748 
3.2793 0.2720 0.0329 0.9623 
3.3046 0.3202 0.0331 0.9473 
3.3299 0.3678 0.0334 0.9299 
3.3553 0.4146 0.0337 0.9100 
3.3809 0.4605 0.0339 0.8877 
3.4065 0.5054 0.0342 0.8629 
3.4323 0.5492 0.0344 0.8357 
3.4582 0.5918 0.0347 0.8061 
3.4843 0.6330 0.0349 0.7741 
3.5106 0.6729 0.0352 0.7398 
3.5372 0.7112 0.0355 0.7030 
3.5640 0.7478 0.0357 0.6639 
3.5907 0.7822 0.0360 0.6230 
3.6172 0.8141 0.0363 0.5807 
3.6434 0.8434 0.0365 0.5372 
3.6695 0.8703 0.0368 0.4925 
3.6954 0.8946 0.0371 0.4469 
3.7211 0.9164 0.0373 0.4002 
3.7467 0.9357 0.0376 0.3528 
3.7722 0.9525 0.0378 0.3047 
3.7976 0.9667 0.0381 0.2560 
3.8229 0.9784 0.0383 0.2067 
3.8481 0.9876 0.0386 0.1571 
3.8733 0.9942 0.0388 0.1072 
3.8984 0.9984 0.0391 0.0571 
3.9236 1.0000 0.0393 0.0069 
3.9487 0.9991 0.0396 -0.0433 
3.9738 0.9956 0.0398 -0.0934 
3.9989 0.9897 0.0401 -0.1433 
4.0240 0.9812 0.0403 -0.1928 
4.0492 0.9703 0.0406 -0.2420 
4.0744 0.9569 0.0408 -0.2906 
4.0997 0.9409 0.0411 -0.3386 
4.1251 0.9226 0.0414 -0.3858 
4.1505 0.9017 0.0416 -0.4323 
4.1761 0.8785 0.0419 -0.4778 
4.2018 0.8528 0.0421 -0.5223 
4.2276 0.8246 0.0424 -0.5657 
4.2536 0.7941 0.0426 -0.6078 
4.2798 0.7612 0.0429 -0.6485 
4.3062 0.7259 0.0432 -0.6878 
4.3328 0.6883 0.0434 -0.7254 
4.3597 0.6483 0.0437 -0.7614 
4.3864 0.6068 0.0440 -0.7948 
4.4127 0.5641 0.0442 -0.8257 
4.4389 0.5201 0.0445 -0.8541 
4.4649 0.4750 0.0447 -0.8800 
4.4907 0.4290 0.0450 -0.9033 
4.5164 0.3820 0.0453 -0.9242 
4.5420 0.3343 0.0455 -0.9425 
4.5674 0.2859 0.0458 -0.9583 
4.5928 0.2370 0.0460 -0.9715 
4.6180 0.1876 0.0463 -0.9822 
4.6432 0.1378 0.0465 -0.9905 
4.6684 0.0878 0.0468 -0.9961 
4.6935 0.0377 0.0470 -0.9993 
4.7187 -0.0125 0.0473 -0.9999 
4.7438 -0.0627 0.0475 -0.9980 
4.7689 -0.1127 0.0478 -0.9936 
4.7940 -0.1625 0.0480 -0.9867 
4.8191 -0.2119 0.0483 -0.9773 
4.8443 -0.2608 0.0485 -0.9654 
4.8696 -0.3092 0.0488 -0.9510 
4.8949 -0.3569 0.0490 -0.9341 
4.9203 -0.4039 0.0493 -0.9148 
4.9458 -0.4500 0.0496 -0.8930 
4.9714 -0.4952 0.0498 -0.8688 
4.9971 -0.5392 0.0501 -0.8422 
5.0230 -0.5821 0.0503 -0.8131 
5.0491 -0.6237 0.0506 -0.7817 
5.0754 -0.6639 0.0509 -0.7479 
5.1019 -0.7025 0.0511 -0.7117 
5.1286 -0.7396 0.0514 -0.6731 
5.1554 -0.7745 0.0517 -0.6325 
5.1819 -0.8070 0.0519 -0.5906 
5.2082 -0.8369 0.0522 -0.5473 
5.2343 -0.8643 0.0524 -0.5029 
5.2602 -0.8892 0.0527 -0.4574 
5.2860 -0.9116 0.0530 -0.4110 
5.3116 -0.9315 0.0532 -0.3638 
5.3371 -0.9488 0.0535 -0.3158 
5.3625 -0.9636 0.0537 -0.2672 
5.3879 -0.9759 0.0540 -0.2181 
5.4131 -0.9857 0.0542 -0.1685 
5.4383 -0.9929 0.0545 -0.1187 
5.4635 -0.9976 0.0547 -0.0686 
5.4886 -0.9998 0.0550 -0.0184 
5.5137 -0.9995 0.0552 0.0318 
5.5388 -0.9966 0.0555 0.0819 
5.5639 -0.9913 0.0557 0.1319 
5.5890 -0.9834 0.0560 0.1815 
5.6142 -0.9730 0.0562 0.2307 
5.6394 -0.9602 0.0565 0.2795 
5.6647 -0.9448 0.0567 0.3276 
5.6900 -0.9270 0.0570 0.3751 
5.7155 -0.9067 0.0573 0.4217 
5.7410 -0.8840 0.0575 0.4675 
5.7667 -0.8589 0.0578 0.5122 
5.7925 -0.8313 0.0580 0.5558 
5.8184 -0.8013 0.0583 0.5982 
5.8446 -0.7690 0.0585 0.6393 
5.8709 -0.7342 0.0588 0.6789 
5.8975 -0.6971 0.0591 0.7169 
5.9243 -0.6577 0.0593 0.7533 
5.9510 -0.6165 0.0596 0.7873 
5.9775 -0.5741 0.0599 0.8188 
6.0037 -0.5304 0.0601 0.8478 
6.0297 -0.4855 0.0604 0.8742 
6.0556 -0.4397 0.0607 0.8982 
6.0813 -0.3929 0.0609 0.9196 
6.1069 -0.3454 0.0612 0.9385 
6.1323 -0.2972 0.0614 0.9548 
6.1577 -0.2483 0.0617 0.9687 
6.1830 -0.1990 0.0619 0.9800 
6.2082 -0.1494 0.0622 0.9888 
6.2334 -0.0994 0.0624 0.9950 
6.2585 -0.0493 0.0627 0.9988 
6.2837 0.0009 0.0629 1.0000 
6.3088 0.0511 0.0632 0.9987 
6.3339 0.1012 0.0634 0.9949 
6.3590 0.1510 0.0637 0.9885 
6.3841 0.2005 0.0639 0.9797 
6.4093 0.2496 0.0642 0.9684 
6.4345 0.2981 0.0644 0.9545 
6.4598 0.3460 0.0647 0.9382 
6.4852 0.3931 0.0650 0.9195 
6.5107 0.4394 0.0652 0.8983 
6.5363 0.4848 0.0655 0.8746 
6.5620 0.5291 0.0657 0.8485 
6.5878 0.5723 0.0660 0.8200 
6.6139 0.6142 0.0662 0.7892 
6.6401 0.6547 0.0665 0.7559 
6.6665 0.6937 0.0668 0.7202 
6.6932 0.7312 0.0670 0.6822 
6.7200 0.7667 0.0673 0.6420 
6.7466 0.7998 0.0676 0.6003 
6.7730 0.8303 0.0678 0.5574 
6.7991 0.8583 0.0681 0.5132 
6.8251 0.8837 0.0684 0.4680 
6.8509 0.9067 0.0686 0.4218 
6.8765 0.9271 0.0689 0.3747 
6.9021 0.9451 0.0691 0.3269 
6.9275 0.9605 0.0694 0.2784 
6.9529 0.9733 0.0696 0.2294 
6.9781 0.9837 0.0699 0.1799 
7.0033 0.9915 0.0701 0.1301 
7.0285 0.9968 0.0704 0.0801 
7.0536 0.9996 0.0706 0.0299 
7.0787 0.9998 0.0709 -0.0203 
7.1038 0.9975 0.0711 -0.0704 
7.1289 0.9927 0.0714 -0.1204 
7.1541 0.9854 0.0716 -0.1701 
7.1792 0.9756 0.0719 -0.2195 
7.2044 0.9633 0.0721 -0.2683 
7.2297 0.9486 0.0724 -0.3166 
7.2550 0.9313 0.0726 -0.3642 
7.2804 0.9116 0.0729 -0.4111 
7.3059 0.8894 0.0732 -0.4571 
7.3316 0.8649 0.0734 -0.5020 
7.3573 0.8378 0.0737 -0.5459 
7.3832 0.8084 0.0739 -0.5886 
7.4093 0.7766 0.0742 -0.6300 
7.4356 0.7424 0.0745 -0.6699 
7.4622 0.7059 0.0747 -0.7084 
7.4889 0.6669 0.0750 -0.7451 
7.5157 0.6261 0.0753 -0.7797 
7.5422 0.5840 0.0755 -0.8118 
7.5685 0.5405 0.0758 -0.8413 
7.5945 0.4959 0.0760 -0.8684 
7.6204 0.4503 0.0763 -0.8929 
7.6462 0.4038 0.0766 -0.9149 
7.6718 0.3564 0.0768 -0.9343 
7.6973 0.3083 0.0771 -0.9513 
7.7227 0.2596 0.0773 -0.9657 
7.7480 0.2104 0.0776 -0.9776 
7.7732 0.1608 0.0778 -0.9870 
7.7984 0.1109 0.0781 -0.9938 
7.8235 0.0608 0.0783 -0.9981 
7.8487 0.0106 0.0786 -0.9999 
7.8738 -0.0396 0.0788 -0.9992 
7.8989 -0.0897 0.0791 -0.9960 
7.9240 -0.1395 0.0793 -0.9902 
7.9491 -0.1891 0.0796 -0.9820 
7.9743 -0.2383 0.0798 -0.9712 
7.9995 -0.2870 0.0801 -0.9579 
8.0248 -0.3350 0.0803 -0.9422 
8.0501 -0.3823 0.0806 -0.9240 
8.0756 -0.4289 0.0809 -0.9034 
8.1012 -0.4745 0.0811 -0.8803 
8.1268 -0.5190 0.0814 -0.8548 
8.1527 -0.5625 0.0816 -0.8268 
8.1787 -0.6047 0.0819 -0.7965 
8.2048 -0.6455 0.0821 -0.7638 
8.2312 -0.6849 0.0824 -0.7287 
8.2578 -0.7227 0.0827 -0.6912 
8.2847 -0.7588 0.0829 -0.6513 
8.3114 -0.7924 0.0832 -0.6100 
8.3378 -0.8235 0.0835 -0.5673 
8.3639 -0.8521 0.0837 -0.5234 
8.3899 -0.8781 0.0840 -0.4784 
8.4158 -0.9017 0.0843 -0.4324 
8.4415 -0.9227 0.0845 -0.3856 
8.4670 -0.9412 0.0848 -0.3379 
8.4925 -0.9572 0.0850 -0.2896 
8.5178 -0.9706 0.0853 -0.2407 
8.5431 -0.9815 0.0855 -0.1913 
8.5683 -0.9899 0.0858 -0.1416 
8.5935 -0.9958 0.0860 -0.0916 
8.6187 -0.9991 0.0863 -0.0414 
8.6438 -1.0000 0.0865 0.0088 
8.6689 -0.9983 0.0868 0.0589 
8.6940 -0.9940 0.0870 0.1090 
8.7191 -0.9873 0.0873 0.1587 
8.7442 -0.9781 0.0875 0.2082 
8.7694 -0.9664 0.0878 0.2572 
8.7947 -0.9522 0.0880 0.3056 
8.8200 -0.9355 0.0883 0.3534 
8.8454 -0.9163 0.0886 0.4004 
8.8709 -0.8947 0.0888 0.4466 
8.8965 -0.8707 0.0891 0.4918 
8.9222 -0.8443 0.0893 0.5359 
8.9481 -0.8154 0.0896 0.5789 
8.9741 -0.7841 0.0898 0.6206 
9.0004 -0.7505 0.0901 0.6609 
9.0269 -0.7145 0.0904 0.6997 
9.0536 -0.6761 0.0906 0.7368 
9.0804 -0.6356 0.0909 0.7720 
9.1069 -0.5937 0.0912 0.8047 
9.1332 -0.5506 0.0914 0.8348 
9.1594 -0.5063 0.0917 0.8624 
9.1853 -0.4609 0.0920 0.8875 
9.2111 -0.4145 0.0922 0.9100 
9.2367 -0.3673 0.0925 0.9301 
9.2622 -0.3194 0.0927 0.9476 
9.2876 -0.2708 0.0930 0.9626 
9.3130 -0.2218 0.0932 0.9751 
9.3382 -0.1722 0.0935 0.9851 
9.3634 -0.1224 0.0937 0.9925 
9.3886 -0.0723 0.0940 0.9974 
9.4137 -0.0221 0.0942 0.9998 
9.4388 0.0281 0.0945 0.9996 
9.4639 0.0782 0.0947 0.9969 
9.4890 0.1281 0.0950 0.9918 
9.5141 0.1778 0.0952 0.9841 
9.5393 0.2271 0.0955 0.9739 
9.5645 0.2759 0.0957 0.9612 
9.5898 0.3241 0.0960 0.9460 
9.6151 0.3716 0.0963 0.9284 
9.6406 0.4183 0.0965 0.9083 
9.6661 0.4641 0.0968 0.8858 
9.6917 0.5089 0.0970 0.8608 
9.7175 0.5526 0.0973 0.8334 
9.7435 0.5951 0.0975 0.8036 
9.7696 0.6363 0.0978 0.7715 
9.7959 0.6760 0.0981 0.7369 
9.8225 0.7142 0.0983 0.7000 
9.8493 0.7507 0.0986 0.6607 
9.8760 0.7849 0.0989 0.6197 
9.9025 0.8165 0.0991 0.5773 
9.9287 0.8457 0.0994 0.5337 
9.9548 0.8723 0.0996 0.4889 
9.9806 0.8965 0.0999 0.4431 
10.0063 0.9181 0.1002 0.3965 
10.0319 0.9371 0.1004 0.3490 
10.0574 0.9537 0.1007 0.3008 
10.0828 0.9677 0.1009 0.2520 
10.1081 0.9792 0.1012 0.2027 
10.1333 0.9882 0.1014 0.1531 
10.1585 0.9947 0.1017 0.1032 
10.1836 0.9986 0.1019 0.0530 
10.2088 1.0000 0.1022 0.0028 
10.2339 0.9989 0.1024 -0.0474 
10.2590 0.9952 0.1027 -0.0974 
10.2841 0.9891 0.1029 -0.1473 
10.3092 0.9804 0.1032 -0.1968 
10.3344 0.9693 0.1034 -0.2459 
10.3596 0.9557 0.1037 -0.2945 
10.3849 0.9395 0.1039 -0.3424 
10.4103 0.9210 0.1042 -0.3896 
10.4358 0.8999 0.1045 -0.4360 
10.4613 0.8765 0.1047 -0.4815 
10.4870 0.8506 0.1050 -0.5259 
10.5129 0.8223 0.1052 -0.5691 
10.5389 0.7916 0.1055 -0.6111 
10.5651 0.7585 0.1058 -0.6517 
10.5915 0.7230 0.1060 -0.6909 
10.6182 0.6851 0.1063 -0.7284 
10.6451 0.6450 0.1066 -0.7642 
10.6717 0.6035 0.1068 -0.7974 
10.6980 0.5606 0.1071 -0.8281 
10.7242 0.5165 0.1073 -0.8563 
10.7502 0.4714 0.1076 -0.8819 
10.7760 0.4252 0.1079 -0.9051 
10.8016 0.3782 0.1081 -0.9257 
10.8272 0.3305 0.1084 -0.9438 
10.8526 0.2820 0.1086 -0.9594 
10.8780 0.2330 0.1089 -0.9725 
10.9032 0.1836 0.1091 -0.9830 
10.9285 0.1338 0.1094 -0.9910 
10.9536 0.0838 0.1096 -0.9965 
10.9787 0.0337 0.1099 -0.9994 
11.0039 -0.0166 0.1101 -0.9999 
11.0290 -0.0667 0.1104 -0.9978 
11.0541 -0.1167 0.1106 -0.9932 
11.0792 -0.1664 0.1109 -0.9861 
11.1043 -0.2158 0.1111 -0.9764 
11.1295 -0.2647 0.1114 -0.9643 
11.1548 -0.3131 0.1116 -0.9497 
11.1801 -0.3607 0.1119 -0.9327 
11.2055 -0.4076 0.1122 -0.9131 
11.2310 -0.4537 0.1124 -0.8912 
11.2566 -0.4987 0.1127 -0.8668 
11.2824 -0.5427 0.1129 -0.8399 
11.3083 -0.5855 0.1132 -0.8107 
11.3344 -0.6270 0.1134 -0.7791 
11.3607 -0.6670 0.1137 -0.7450 
11.3872 -0.7056 0.1140 -0.7087 
11.4139 -0.7425 0.1142 -0.6699 
11.4407 -0.7772 0.1145 -0.6292 
11.4672 -0.8095 0.1148 -0.5871 
11.4935 -0.8392 0.1150 -0.5438 
11.5196 -0.8664 0.1153 -0.4993 
11.5455 -0.8911 0.1156 -0.4537 
11.5712 -0.9133 0.1158 -0.4073 
11.5969 -0.9330 0.1161 -0.3600 
11.6224 -0.9501 0.1163 -0.3119 
11.6478 -0.9647 0.1166 -0.2633 
11.6731 -0.9768 0.1168 -0.2141 
11.6983 -0.9864 0.1171 -0.1645 
11.7235 -0.9934 0.1173 -0.1146 
11.7487 -0.9979 0.1176 -0.0646 
11.7738 -0.9999 0.1178 -0.0144 
11.7989 -0.9994 0.1181 0.0358 
11.8240 -0.9963 0.1183 0.0859 
11.8491 -0.9907 0.1186 0.1359 
11.8742 -0.9827 0.1188 0.1855 
11.8994 -0.9721 0.1191 0.2347 
11.9246 -0.9590 0.1193 0.2834 
11.9499 -0.9435 0.1196 0.3315 
11.9753 -0.9255 0.1199 0.3789 
12.0007 -0.9050 0.1201 0.4254 
12.0262 -0.8821 0.1204 0.4711 
12.0519 -0.8567 0.1206 0.5158 
12.0777 -0.8290 0.1209 0.5593 
12.1037 -0.7988 0.1211 0.6016 
12.1299 -0.7663 0.1214 0.6425 
12.1562 -0.7313 0.1217 0.6820 
12.1828 -0.6940 0.1219 0.7199 
12.2097 -0.6544 0.1222 0.7562 
12.2364 -0.6131 0.1225 0.7900 
12.2628 -0.5706 0.1227 0.8213 
12.2890 -0.5268 0.1230 0.8500 
12.3150 -0.4818 0.1232 0.8763 
12.3408 -0.4359 0.1235 0.9000 
12.3665 -0.3891 0.1238 0.9212 
12.3921 -0.3415 0.1240 0.9399 
12.4176 -0.2932 0.1243 0.9560 
12.4429 -0.2444 0.1245 0.9697 
12.4682 -0.1950 0.1248 0.9808 
12.4935 -0.1453 0.1250 0.9894 
12.5186 -0.0953 0.1253 0.9954 
12.5438 -0.0452 0.1255 0.9990 
12.5689 0.0050 0.1258 1.0000 
12.5940 0.0552 0.1260 0.9985 
12.6191 0.1052 0.1263 0.9944 
12.6442 0.1550 0.1265 0.9879 
12.6693 0.2045 0.1268 0.9789 
12.6945 0.2535 0.1270 0.9673 
12.7198 0.3020 0.1273 0.9533 
12.7451 0.3498 0.1276 0.9368 
12.7705 0.3969 0.1278 0.9179 
12.7959 0.4432 0.1281 0.8964 
12.8215 0.4885 0.1283 0.8726 
12.8473 0.5327 0.1286 0.8463 
12.8731 0.5757 0.1288 0.8176 
12.8992 0.6175 0.1291 0.7865 
12.9254 0.6579 0.1294 0.7531 
12.9519 0.6968 0.1296 0.7172 
12.9786 0.7341 0.1299 0.6790 
13.0054 0.7695 0.1302 0.6387 
13.0320 0.8023 0.1304 0.5969 
13.0583 0.8326 0.1307 0.5538 
13.0844 0.8604 0.1309 0.5096 
13.1104 0.8857 0.1312 0.4643 
13.1361 0.9084 0.1315 0.4180 
13.1618 0.9287 0.1317 0.3709 
13.1873 0.9464 0.1320 0.3230 
13.2127 0.9616 0.1322 0.2745 
13.2381 0.9743 0.1325 0.2254 
13.2633 0.9844 0.1327 0.1759 
13.2885 0.9920 0.1330 0.1261 
13.3137 0.9971 0.1332 0.0761 
13.3388 0.9997 0.1335 0.0259 
13.3639 0.9997 0.1337 -0.0243 
13.3890 0.9972 0.1340 -0.0745 
13.4141 0.9922 0.1342 -0.1244 
13.4393 0.9847 0.1345 -0.1741 
13.4644 0.9747 0.1347 -0.2234 
13.4896 0.9622 0.1350 -0.2722 
13.5149 0.9473 0.1352 -0.3205 
13.5402 0.9298 0.1355 -0.3681 
13.5656 0.9099 0.1358 -0.4148 
13.5912 0.8875 0.1360 -0.4607 
13.6168 0.8628 0.1363 -0.5056 
13.6426 0.8356 0.1365 -0.5494 
13.6685 0.8059 0.1368 -0.5920 
13.6946 0.7739 0.1370 -0.6333 
13.7210 0.7396 0.1373 -0.6731 
13.7475 0.7028 0.1376 -0.7114 
13.7743 0.6637 0.1378 -0.7480 
13.8010 0.6228 0.1381 -0.7824 
13.8275 0.5805 0.1384 -0.8143 
13.8538 0.5370 0.1386 -0.8436 
13.8798 0.4923 0.1389 -0.8704 
13.9057 0.4466 0.1392 -0.8947 
13.9314 0.4000 0.1394 -0.9165 
13.9570 0.3525 0.1397 -0.9358 
13.9825 0.3044 0.1399 -0.9525 
14.0079 0.2557 0.1402 -0.9668 
14.0332 0.2064 0.1404 -0.9785 
14.0584 0.1568 0.1407 -0.9876 
14.0836 0.1069 0.1409 -0.9943 
14.1088 0.0568 0.1412 -0.9984 
14.1339 0.0066 0.1414 -1.0000 
14.1590 -0.0436 0.1417 -0.9990 
14.1841 -0.0937 0.1419 -0.9956 
14.2092 -0.1436 0.1422 -0.9896 
14.2343 -0.1931 0.1424 -0.9812 
14.2595 -0.2422 0.1427 -0.9702 
14.2847 -0.2909 0.1429 -0.9568 
14.3100 -0.3389 0.1432 -0.9408 
14.3354 -0.3861 0.1435 -0.9224 
14.3608 -0.4326 0.1437 -0.9016 
14.3864 -0.4781 0.1440 -0.8783 
14.4121 -0.5226 0.1442 -0.8526 
14.4379 -0.5659 0.1445 -0.8245 
14.4639 -0.6080 0.1447 -0.7939 
14.4901 -0.6487 0.1450 -0.7610 
14.5165 -0.6880 0.1453 -0.7257 
14.5432 -0.7257 0.1455 -0.6880 
14.5701 -0.7616 0.1458 -0.6480 
14.5967 -0.7950 0.1461 -0.6066 
14.6231 -0.8259 0.1463 -0.5638 
14.6492 -0.8543 0.1466 -0.5198 
14.6752 -0.8801 0.1469 -0.4747 
14.7011 -0.9035 0.1471 -0.4287 
14.7267 -0.9243 0.1474 -0.3817 
14.7523 -0.9426 0.1476 -0.3340 
14.7777 -0.9583 0.1479 -0.2856 
14.8031 -0.9716 0.1481 -0.2367 
14.8284 -0.9823 0.1484 -0.1873 
14.8536 -0.9905 0.1486 -0.1375 
14.8787 -0.9962 0.1489 -0.0875 
14.9039 -0.9993 0.1491 -0.0374 
14.9290 -0.9999 0.1494 0.0128 
14.9541 -0.9980 0.1496 0.0630 
14.9792 -0.9936 0.1499 0.1130 
15.0043 -0.9867 0.1501 0.1628 
15.0295 -0.9772 0.1504 0.2122 
15.0547 -0.9653 0.1506 0.2611 
15.0799 -0.9509 0.1509 0.3095 
15.1052 -0.9340 0.1512 0.3572 
15.1306 -0.9147 0.1514 0.4042 
15.1561 -0.8929 0.1517 0.4503 
15.1817 -0.8686 0.1519 0.4954 
15.2075 -0.8420 0.1522 0.5395 
15.2334 -0.8129 0.1524 0.5824 
15.2594 -0.7815 0.1527 0.6239 
15.2857 -0.7476 0.1530 0.6641 
15.3122 -0.7114 0.1532 0.7028 
15.3389 -0.6728 0.1535 0.7398 
15.3657 -0.6323 0.1538 0.7748 
15.3923 -0.5903 0.1540 0.8072 
15.4186 -0.5470 0.1543 0.8371 
15.4447 -0.5026 0.1545 0.8645 
15.4706 -0.4571 0.1548 0.8894 
15.4963 -0.4107 0.1551 0.9118 
15.5220 -0.3635 0.1553 0.9316 
15.5475 -0.3155 0.1556 0.9489 
15.5729 -0.2669 0.1558 0.9637 
15.5982 -0.2178 0.1561 0.9760 
15.6235 -0.1682 0.1563 0.9858 
15.6487 -0.1183 0.1566 0.9930 
15.6738 -0.0683 0.1568 0.9977 
15.6989 -0.0181 0.1571 0.9998 
15.7240 0.0321 0.1573 0.9995 
15.7491 0.0823 0.1576 0.9966 
15.7742 0.1322 0.1578 0.9912 
15.7994 0.1818 0.1581 0.9833 
15.8245 0.2310 0.1583 0.9729 
15.8497 0.2798 0.1586 0.9601 
15.8750 0.3279 0.1589 0.9447 
15.9004 0.3754 0.1591 0.9269 
15.9258 0.4220 0.1594 0.9066 
15.9513 0.4678 0.1596 0.8839 
15.9770 0.5125 0.1599 0.8587 
16.0028 0.5561 0.1601 0.8311 
16.0288 0.5985 0.1604 0.8011 
16.0549 0.6395 0.1606 0.7688 
16.0813 0.6791 0.1609 0.7340 
16.1078 0.7172 0.1612 0.6969 
16.1347 0.7536 0.1614 0.6574 
16.1614 0.7875 0.1617 0.6163 
16.1878 0.8190 0.1620 0.5738 
16.2140 0.8480 0.1622 0.5301 
16.2401 0.8744 0.1625 0.4852 
16.2659 0.8983 0.1628 0.4394 
16.2916 0.9197 0.1630 0.3926 
16.3172 0.9386 0.1633 0.3451 
16.3427 0.9549 0.1635 0.2968 
16.3680 0.9688 0.1638 0.2480 
16.3933 0.9801 0.1640 0.1987 
16.4186 0.9888 0.1643 0.1490 
16.4437 0.9951 0.1645 0.0991 
16.4689 0.9988 0.1648 0.0489 
16.4940 1.0000 0.1650 -0.0013 
16.5191 0.9987 0.1653 -0.0515 
16.5442 0.9948 0.1655 -0.1015 
16.5693 0.9885 0.1658 -0.1513 
16.5945 0.9796 0.1660 -0.2008 
16.6196 0.9683 0.1663 -0.2499 
16.6449 0.9544 0.1665 -0.2984 
16.6702 0.9381 0.1668 -0.3463 
16.6956 0.9193 0.1671 -0.3934 
16.7210 0.8981 0.1673 -0.4398 
16.7466 0.8744 0.1676 -0.4851 
16.7723 0.8484 0.1678 -0.5294 
16.7982 0.8198 0.1681 -0.5726 
16.8242 0.7889 0.1683 -0.6145 
16.8504 0.7556 0.1686 -0.6550 
16.8769 0.7200 0.1689 -0.6940 
16.9035 0.6819 0.1691 -0.7314 
16.9304 0.6417 0.1694 -0.7670 
16.9570 0.6000 0.1697 -0.8000 
16.9833 0.5571 0.1699 -0.8305 
17.0095 0.5129 0.1702 -0.8584 
17.0354 0.4677 0.1705 -0.8839 
17.0612 0.4215 0.1707 -0.9069 
17.0869 0.3744 0.1710 -0.9273 
17.1124 0.3266 0.1712 -0.9452 
17.1379 0.2781 0.1715 -0.9606 
17.1632 0.2291 0.1717 -0.9734 
17.1885 0.1796 0.1720 -0.9837 
17.2137 0.1298 0.1722 -0.9915 
17.2388 0.0798 0.1725 -0.9968 
17.2640 0.0296 0.1727 -0.9996 
17.2891 -0.0206 0.1730 -0.9998 
17.3142 -0.0708 0.1732 -0.9975 
17.3393 -0.1207 0.1735 -0.9927 
17.3644 -0.1704 0.1737 -0.9854 
17.3896 -0.2198 0.1740 -0.9755 
17.4148 -0.2687 0.1742 -0.9632 
17.4400 -0.3169 0.1745 -0.9484 
17.4653 -0.3646 0.1748 -0.9312 
17.4908 -0.4114 0.1750 -0.9115 
17.5163 -0.4574 0.1753 -0.8893 
17.5419 -0.5023 0.1755 -0.8647 
17.5677 -0.5462 0.1758 -0.8377 
17.5936 -0.5889 0.1760 -0.8082 
17.6197 -0.6303 0.1763 -0.7764 
17.6460 -0.6702 0.1766 -0.7422 
17.6725 -0.7086 0.1768 -0.7056 
17.6993 -0.7454 0.1771 -0.6667 
17.7260 -0.7799 0.1774 -0.6259 
17.7525 -0.8120 0.1776 -0.5837 
17.7788 -0.8415 0.1779 -0.5402 
17.8049 -0.8685 0.1781 -0.4956 
17.8308 -0.8930 0.1784 -0.4500 
17.8565 -0.9150 0.1787 -0.4035 
17.8821 -0.9345 0.1789 -0.3561 
17.9076 -0.9514 0.1792 -0.3080 
17.9330 -0.9658 0.1794 -0.2593 
17.9583 -0.9777 0.1797 -0.2101 
17.9836 -0.9870 0.1799 -0.1605 
18.0087 -0.9939 0.1802 -0.1106 
18.0339 -0.9982 0.1804 -0.0605 
18.0590 -0.9999 0.1807 -0.0103 
18.0841 -0.9992 0.1809 0.0399 
18.1092 -0.9959 0.1812 0.0900 
18.1343 -0.9902 0.1814 0.1399 
18.1595 -0.9819 0.1817 0.1895 
18.1846 -0.9711 0.1819 0.2386 
18.2099 -0.9578 0.1822 0.2873 
18.2351 -0.9421 0.1825 0.3353 
18.2605 -0.9239 0.1827 0.3827 
18.2859 -0.9032 0.1830 0.4292 
18.3115 -0.8801 0.1832 0.4748 
18.3372 -0.8546 0.1835 0.5193 
18.3630 -0.8266 0.1837 0.5628 
18.3890 -0.7963 0.1840 0.6049 
18.4152 -0.7635 0.1843 0.6458 
18.4416 -0.7284 0.1845 0.6851 
18.4682 -0.6909 0.1848 0.7229 
18.4951 -0.6511 0.1851 0.7590 
18.5217 -0.6097 0.1853 0.7926 
18.5481 -0.5670 0.1856 0.8237 
18.5743 -0.5231 0.1858 0.8523 
18.6003 -0.4781 0.1861 0.8783 
18.6261 -0.4321 0.1864 0.9018 
18.6518 -0.3852 0.1866 0.9228 
18.6774 -0.3376 0.1869 0.9413 
18.7028 -0.2893 0.1871 0.9573 
18.7282 -0.2404 0.1874 0.9707 
18.7535 -0.1910 0.1876 0.9816 
18.7787 -0.1412 0.1879 0.9900 
18.8039 -0.0913 0.1881 0.9958 
18.8290 -0.0411 0.1884 0.9992 
18.8541 0.0091 0.1886 1.0000 
18.8792 0.0593 0.1889 0.9982 
18.9043 0.1093 0.1891 0.9940 
18.9294 0.1591 0.1894 0.9873 
18.9546 0.2085 0.1896 0.9780 
18.9798 0.2575 0.1899 0.9663 
19.0050 0.3059 0.1902 0.9521 
19.0303 0.3537 0.1904 0.9354 
19.0557 0.4007 0.1907 0.9162 
19.0812 0.4469 0.1909 0.8946 
19.1068 0.4921 0.1912 0.8705 
19.1325 0.5362 0.1914 0.8441 
19.1584 0.5792 0.1917 0.8152 
19.1845 0.6209 0.1919 0.7839 
19.2107 0.6612 0.1922 0.7502 
19.2372 0.6999 0.1925 0.7142 
19.2639 0.7371 0.1927 0.6758 
19.2907 0.7722 0.1930 0.6353 
19.3173 0.8049 0.1933 0.5934 
19.3436 0.8350 0.1935 0.5503 
19.3697 0.8626 0.1938 0.5059 
19.3956 0.8876 0.1941 0.4605 
19.4214 0.9102 0.1943 0.4142 
19.4471 0.9302 0.1946 0.3670 
19.4726 0.9477 0.1948 0.3191 
19.4980 0.9627 0.1951 0.2705 
19.5233 0.9752 0.1953 0.2214 
19.5486 0.9851 0.1956 0.1719 
19.5738 0.9925 0.1958 0.1220 
19.5989 0.9974 0.1961 0.0720 
19.6241 0.9998 0.1963 0.0218 
19.6492 0.9996 0.1966 -0.0284 
19.6743 0.9969 0.1968 -0.0785 
19.6994 0.9917 0.1971 -0.1285 
19.7245 0.9840 0.1973 -0.1781 
19.7497 0.9738 0.1976 -0.2274 
19.7749 0.9611 0.1978 -0.2762 
19.8001 0.9459 0.1981 -0.3244 
19.8255 0.9283 0.1984 -0.3719 
19.8509 0.9082 0.1986 -0.4186 
19.8764 0.8856 0.1989 -0.4644 
19.9021 0.8606 0.1991 -0.5092 
19.9279 0.8332 0.1994 -0.5529 
19.9538 0.8034 0.1996 -0.5954 
19.9800 0.7712 0.1999 -0.6365 
20.0063 0.7367 0.2002 -0.6763 
20.0329 0.6997 0.2004 -0.7144 
20.0597 0.6604 0.2007 -0.7509 
20.0864 0.6194 0.2010 -0.7851 
20.1128 0.5770 0.2012 -0.8168 
20.1391 0.5334 0.2015 -0.8459 
20.1651 0.4886 0.2018 -0.8725 
20.1910 0.4428 0.2020 -0.8966 
20.2167 0.3961 0.2023 -0.9182 
20.2423 0.3486 0.2025 -0.9373 
20.2678 0.3005 0.2028 -0.9538 
20.2931 0.2517 0.2030 -0.9678 
20.3184 0.2024 0.2033 -0.9793 
20.3437 0.1527 0.2035 -0.9883 
20.3689 0.1028 0.2038 -0.9947 
20.3940 0.0527 0.2040 -0.9986 
20.4191 0.0025 0.2043 -1.0000 
20.4442 -0.0477 0.2045 -0.9989 
20.4693 -0.0978 0.2048 -0.9952 
20.4944 -0.1476 0.2050 -0.9890 
20.5196 -0.1971 0.2053 -0.9804 
20.5448 -0.2462 0.2055 -0.9692 
20.5700 -0.2948 0.2058 -0.9556 
20.5953 -0.3427 0.2061 -0.9394 
20.6206 -0.3900 0.2063 -0.9208 
20.6461 -0.4363 0.2066 -0.8998 
20.6717 -0.4818 0.2068 -0.8763 
20.6974 -0.5262 0.2071 -0.8504 
20.7232 -0.5694 0.2073 -0.8221 
20.7493 -0.6114 0.2076 -0.7913 
20.7755 -0.6520 0.2079 -0.7582 
20.8019 -0.6911 0.2081 -0.7227 
20.8285 -0.7287 0.2084 -0.6849 
20.8554 -0.7644 0.2087 -0.6447 
20.8820 -0.7976 0.2089 -0.6032 
20.9084 -0.8283 0.2092 -0.5603 
20.9345 -0.8565 0.2094 -0.5162 
20.9605 -0.8821 0.2097 -0.4710 
20.9863 -0.9052 0.2100 -0.4249 
21.0120 -0.9258 0.2102 -0.3779 
21.0375 -0.9439 0.2105 -0.3301 
21.0630 -0.9595 0.2107 -0.2817 
21.0883 -0.9725 0.2110 -0.2327 
21.1136 -0.9831 0.2112 -0.1833 
21.1388 -0.9910 0.2115 -0.1335 
21.1640 -0.9965 0.2117 -0.0835 
21.1891 -0.9994 0.2120 -0.0333 
21.2142 -0.9999 0.2122 0.0169 
21.2393 -0.9977 0.2125 0.0671 
21.2644 -0.9931 0.2127 0.1170 
21.2895 -0.9860 0.2130 0.1668 
21.3147 -0.9764 0.2132 0.2161 
21.3399 -0.9642 0.2135 0.2651 
21.3651 -0.9496 0.2138 0.3134 
21.3905 -0.9325 0.2140 0.3611 
21.4159 -0.9130 0.2143 0.4080 
21.4414 -0.8910 0.2145 0.4540 
21.4670 -0.8666 0.2148 0.4990 
21.4928 -0.8397 0.2150 0.5430 
21.5187 -0.8105 0.2153 0.5858 
21.5447 -0.7788 0.2155 0.6272 
21.5710 -0.7448 0.2158 0.6673 
21.5975 -0.7084 0.2161 0.7058 
21.6243 -0.6696 0.2163 0.7427 
21.6511 -0.6289 0.2166 0.7775 
21.6776 -0.5868 0.2169 0.8097 
21.7039 -0.5435 0.2171 0.8394 
21.7299 -0.4990 0.2174 0.8666 
21.7558 -0.4534 0.2177 0.8913 
21.7816 -0.4069 0.2179 0.9135 
21.8072 -0.3596 0.2182 0.9331 
21.8327 -0.3116 0.2184 0.9502 
21.8581 -0.2629 0.2187 0.9648 
21.8834 -0.2138 0.2189 0.9769 
21.9087 -0.1642 0.2192 0.9864 
21.9339 -0.1143 0.2194 0.9934 
21.9590 -0.0642 0.2197 0.9979 
21.9841 -0.0140 0.2199 0.9999 
22.0092 0.0362 0.2202 0.9993 
22.0343 0.0863 0.2204 0.9963 
22.0595 0.1362 0.2207 0.9907 
22.0846 0.1858 0.2209 0.9826 
22.1098 0.2350 0.2212 0.9720 
22.1350 0.2837 0.2214 0.9589 
22.1603 0.3318 0.2217 0.9434 
22.1856 0.3792 0.2220 0.9253 
22.2110 0.4258 0.2222 0.9048 
22.2366 0.4714 0.2225 0.8819 
22.2623 0.5161 0.2227 0.8566 
22.2881 0.5596 0.2230 0.8288 
22.3141 0.6019 0.2232 0.7986 
22.3402 0.6428 0.2235 0.7660 
22.3666 0.6823 0.2238 0.7311 
22.3932 0.7202 0.2240 0.6938 
22.4201 0.7564 0.2243 0.6541 
22.4467 0.7902 0.2246 0.6128 
22.4731 0.8215 0.2248 0.5703 
22.4993 0.8502 0.2251 0.5264 
22.5254 0.8764 0.2254 0.4815 
22.5512 0.9001 0.2256 0.4356 
22.5769 0.9213 0.2259 0.3888 
22.6025 0.9400 0.2261 0.3412 
22.6279 0.9561 0.2264 0.2929 
22.6533 0.9698 0.2266 0.2440 
22.6786 0.9809 0.2269 0.1947 
22.7038 0.9894 0.2271 0.1450 
22.7290 0.9955 0.2274 0.0950 
22.7541 0.9990 0.2276 0.0449 
22.7792 1.0000 0.2279 -0.0054 
22.8043 0.9985 0.2281 -0.0555 
22.8294 0.9944 0.2284 -0.1056 
22.8545 0.9879 0.2286 -0.1554 
22.8797 0.9788 0.2289 -0.2048 
22.9049 0.9672 0.2291 -0.2538 
22.9301 0.9532 0.2294 -0.3023 
22.9554 0.9367 0.2297 -0.3502 
22.9808 0.9177 0.2299 -0.3972 
23.0063 0.8963 0.2302 -0.4435 
23.0319 0.8724 0.2304 -0.4888 
23.0576 0.8461 0.2307 -0.5330 
23.0835 0.8174 0.2309 -0.5760 
23.1095 0.7863 0.2312 -0.6178 
23.1358 0.7528 0.2315 -0.6582 
23.1622 0.7170 0.2317 -0.6971 
23.1889 0.6787 0.2320 -0.7344 
23.2157 0.6384 0.2323 -0.7697 
23.2423 0.5966 0.2325 -0.8025 
23.2686 0.5535 0.2328 -0.8328 
23.2948 0.5093 0.2330 -0.8606 
23.3207 0.4640 0.2333 -0.8859 
23.3465 0.4177 0.2336 -0.9086 
23.3721 0.3705 0.2338 -0.9288 
23.3977 0.3227 0.2341 -0.9465 
23.4231 0.2741 0.2343 -0.9617 
23.4484 0.2251 0.2346 -0.9743 
23.4737 0.1756 0.2348 -0.9845 
23.4989 0.1258 0.2351 -0.9921 
23.5241 0.0757 0.2353 -0.9971 
23.5492 0.0255 0.2356 -0.9997 
23.5743 -0.0247 0.2358 -0.9997 
23.5994 -0.0748 0.2361 -0.9972 
23.6245 -0.1248 0.2363 -0.9922 
23.6496 -0.1745 0.2366 -0.9847 
23.6748 -0.2238 0.2368 -0.9746 
23.7000 -0.2726 0.2371 -0.9621 
23.7252 -0.3208 0.2374 -0.9471 
23.7506 -0.3684 0.2376 -0.9297 
23.7760 -0.4152 0.2379 -0.9098 
23.8015 -0.4610 0.2381 -0.8874 
23.8272 -0.5059 0.2384 -0.8626 
23.8529 -0.5497 0.2386 -0.8354 
23.8789 -0.5923 0.2389 -0.8057 
23.9050 -0.6335 0.2392 -0.7737 
23.9313 -0.6734 0.2394 -0.7393 
23.9579 -0.7116 0.2397 -0.7025 
23.9847 -0.7483 0.2399 -0.6634 
24.0114 -0.7826 0.2402 -0.6225 
24.0379 -0.8145 0.2405 -0.5802 
24.0641 -0.8438 0.2407 -0.5367 
24.0902 -0.8706 0.2410 -0.4920 
24.1160 -0.8949 0.2413 -0.4463 
24.1418 -0.9167 0.2415 -0.3996 
24.1674 -0.9359 0.2418 -0.3522 
24.1929 -0.9526 0.2420 -0.3041 
24.2182 -0.9669 0.2423 -0.2553 
24.2435 -0.9785 0.2425 -0.2061 
24.2688 -0.9877 0.2428 -0.1565 
24.2940 -0.9943 0.2430 -0.1065 
24.3191 -0.9984 0.2433 -0.0564 
24.3442 -1.0000 0.2435 -0.0062 
24.3693 -0.9990 0.2438 0.0440 
24.3944 -0.9956 0.2440 0.0940 
24.4195 -0.9896 0.2443 0.1439 
24.4447 -0.9811 0.2445 0.1935 
24.4699 -0.9701 0.2448 0.2426 
24.4951 -0.9567 0.2451 0.2912 
24.5204 -0.9407 0.2453 0.3392 
24.5457 -0.9223 0.2456 0.3865 
24.5712 -0.9014 0.2458 0.4329 
24.5968 -0.8781 0.2461 0.4784 
24.6225 -0.8524 0.2463 0.5229 
24.6483 -0.8243 0.2466 0.5662 
24.6743 -0.7937 0.2468 0.6083 
24.7005 -0.7608 0.2471 0.6490 
24.7269 -0.7255 0.2474 0.6883 
24.7535 -0.6878 0.2476 0.7259 
24.7804 -0.6478 0.2479 0.7619 
24.8071 -0.6063 0.2482 0.7952 
24.8334 -0.5635 0.2484 0.8261 
24.8596 -0.5195 0.2487 0.8545 
24.8856 -0.4744 0.2490 0.8803 
24.9114 -0.4283 0.2492 0.9036 
24.9371 -0.3814 0.2495 0.9244 
24.9626 -0.3337 0.2497 0.9427 
24.9881 -0.2853 0.2500 0.9584 
25.0134 -0.2364 0.2502 0.9717 
25.0387 -0.1869 0.2505 0.9824 
25.0639 -0.1372 0.2507 0.9905 
25.0891 -0.0872 0.2510 0.9962 
25.1142 -0.0370 0.2512 0.9993 
25.1393 0.0132 0.2515 0.9999 
25.1644 0.0634 0.2517 0.9980 
25.1895 0.1134 0.2520 0.9936 
25.2147 0.1631 0.2522 0.9866 
25.2398 0.2125 0.2525 0.9772 
25.2650 0.2615 0.2528 0.9652 
25.2903 0.3098 0.2530 0.9508 
25.3156 0.3576 0.2533 0.9339 
25.3410 0.4045 0.2535 0.9145 
25.3665 0.4506 0.2538 0.8927 
25.3921 0.4957 0.2540 0.8685 
25.4178 0.5398 0.2543 0.8418 
25.4437 0.5826 0.2545 0.8127 
25.4698 0.6242 0.2548 0.7813 
25.4961 0.6644 0.2551 0.7474 
25.5226 0.7030 0.2553 0.7112 
25.5493 0.7400 0.2556 0.6726 
25.5761 0.7750 0.2559 0.6320 
25.6026 0.8074 0.2561 0.5900 
25.6289 0.8373 0.2564 0.5467 
25.6550 0.8647 0.2567 0.5023 
25.6809 0.8896 0.2569 0.4568 
25.7067 0.9119 0.2572 0.4104 
25.7323 0.9317 0.2574 0.3631 
25.7578 0.9490 0.2577 0.3152 
25.7832 0.9638 0.2579 0.2665 
25.8086 0.9761 0.2582 0.2174 
25.8338 0.9858 0.2584 0.1679 
25.8590 0.9930 0.2587 0.1180 
25.8842 0.9977 0.2589 0.0679 
25.9093 0.9998 0.2592 0.0177 
25.9344 0.9995 0.2594 -0.0325 
25.9595 0.9966 0.2597 -0.0826 
25.9846 0.9912 0.2599 -0.1325 
26.0097 0.9833 0.2602 -0.1821 
26.0349 0.9729 0.2604 -0.2314 
26.0601 0.9600 0.2607 -0.2801 
26.0854 0.9446 0.2610 -0.3283 
26.1107 0.9267 0.2612 -0.3757 
26.1362 0.9064 0.2615 -0.4223 
26.1617 0.8837 0.2617 -0.4681 
26.1874 0.8585 0.2620 -0.5128 
26.2132 0.8309 0.2622 -0.5564 
26.2391 0.8009 0.2625 -0.5988 
26.2653 0.7685 0.2628 -0.6398 
26.2916 0.7338 0.2630 -0.6794 
26.3182 0.6966 0.2633 -0.7174 
26.3450 0.6571 0.2636 -0.7538 
26.3717 0.6160 0.2638 -0.7878 
26.3982 0.5735 0.2641 -0.8192 
26.4244 0.5297 0.2643 -0.8482 
26.4504 0.4849 0.2646 -0.8746 
26.4763 0.4390 0.2649 -0.8985 
26.5020 0.3923 0.2651 -0.9198 
26.5276 0.3447 0.2654 -0.9387 
26.5530 0.2965 0.2656 -0.9550 
26.5784 0.2477 0.2659 -0.9688 
26.6037 0.1984 0.2661 -0.9801 
26.6289 0.1487 0.2664 -0.9889 
26.6541 0.0987 0.2666 -0.9951 
26.6792 0.0486 0.2669 -0.9988 
26.7043 -0.0016 0.2671 -1.0000 
26.7295 -0.0518 0.2674 -0.9987 
26.7546 -0.1019 0.2676 -0.9948 
26.7797 -0.1517 0.2679 -0.9884 
26.8048 -0.2012 0.2681 -0.9796 
26.8300 -0.2502 0.2684 -0.9682 
26.8552 -0.2987 0.2687 -0.9543 
26.8805 -0.3466 0.2689 -0.9380 
26.9059 -0.3938 0.2692 -0.9192 
26.9314 -0.4401 0.2694 -0.8980 
26.9570 -0.4854 0.2697 -0.8743 
26.9827 -0.5297 0.2699 -0.8482 
27.0085 -0.5729 0.2702 -0.8196 
27.0346 -0.6148 0.2704 -0.7887 
27.0608 -0.6553 0.2707 -0.7554 
27.0872 -0.6943 0.2710 -0.7197 
27.1139 -0.7317 0.2712 -0.6817 
27.1408 -0.7672 0.2715 -0.6414 
27.1673 -0.8002 0.2718 -0.5997 
27.1937 -0.8307 0.2720 -0.5568 
27.2198 -0.8586 0.2723 -0.5126 
27.2458 -0.8841 0.2726 -0.4673 
27.2716 -0.9070 0.2728 -0.4211 
27.2972 -0.9274 0.2731 -0.3741 
27.3228 -0.9453 0.2733 -0.3262 
27.3482 -0.9607 0.2736 -0.2777 
27.3736 -0.9735 0.2738 -0.2287 
27.3988 -0.9838 0.2741 -0.1793 
27.4240 -0.9916 0.2743 -0.1295 
27.4492 -0.9968 0.2746 -0.0794 
27.4743 -0.9996 0.2748 -0.0292 
27.4994 -0.9998 0.2751 0.0210 
27.5245 -0.9975 0.2753 0.0711 
27.5496 -0.9926 0.2756 0.1211 
27.5748 -0.9853 0.2758 0.1708 
27.5999 -0.9755 0.2761 0.2201 
27.6251 -0.9631 0.2764 0.2690 
27.6504 -0.9483 0.2766 0.3173 
27.6757 -0.9311 0.2769 0.3649 
27.7011 -0.9113 0.2771 0.4117 
27.7266 -0.8891 0.2774 0.4577 
27.7523 -0.8645 0.2776 0.5026 
27.7780 -0.8375 0.2779 0.5465 
27.8040 -0.8080 0.2781 0.5892 
27.8301 -0.7762 0.2784 0.6305 
27.8564 -0.7419 0.2787 0.6705 
27.8829 -0.7053 0.2789 0.7089 
27.9097 -0.6664 0.2792 0.7456 
27.9364 -0.6256 0.2795 0.7802 
27.9629 -0.5834 0.2797 0.8122 
27.9892 -0.5399 0.2800 0.8417 
28.0152 -0.4953 0.2803 0.8687 
28.0411 -0.4497 0.2805 0.8932 
28.0669 -0.4031 0.2808 0.9151 
28.0925 -0.3558 0.2810 0.9346 
28.1180 -0.3077 0.2813 0.9515 
28.1434 -0.2590 0.2815 0.9659 
28.1687 -0.2098 0.2818 0.9778 
28.1939 -0.1602 0.2820 0.9871 
28.2191 -0.1102 0.2823 0.9939 
28.2442 -0.0601 0.2825 0.9982 
28.2694 -0.0099 0.2828 1.0000 
28.2945 0.0403 0.2830 0.9992 
28.3196 0.0903 0.2833 0.9959 
28.3447 0.1402 0.2835 0.9901 
28.3698 0.1898 0.2838 0.9818 
28.3950 0.2390 0.2840 0.9710 
28.4202 0.2876 0.2843 0.9577 
28.4455 0.3357 0.2846 0.9420 
28.4708 0.3830 0.2848 0.9238 
28.4963 0.4295 0.2851 0.9031 
28.5219 0.4751 0.2853 0.8799 
28.5475 0.5196 0.2856 0.8544 
28.5734 0.5630 0.2858 0.8264 
28.5994 0.6052 0.2861 0.7961 
28.6255 0.6461 0.2864 0.7633 
28.6519 0.6854 0.2866 0.7282 
28.6785 0.7232 0.2869 0.6906 
28.7054 0.7593 0.2872 0.6508 
28.7321 0.7929 0.2874 0.6094 
28.7585 0.8239 0.2877 0.5667 
28.7847 0.8524 0.2879 0.5228 
28.8107 0.8785 0.2882 0.4778 
28.8365 0.9020 0.2885 0.4318 
28.8622 0.9230 0.2887 0.3849 
28.8877 0.9414 0.2890 0.3373 
28.9132 0.9574 0.2892 0.2889 
28.9385 0.9708 0.2895 0.2400 
28.9638 0.9817 0.2897 0.1906 
28.9890 0.9900 0.2900 0.1409 
29.0142 0.9959 0.2902 0.0909 
29.0394 0.9992 0.2905 0.0408 
29.0645 1.0000 0.2907 -0.0095 
29.0896 0.9982 0.2910 -0.0596 
29.1147 0.9940 0.2912 -0.1096 
29.1398 0.9872 0.2915 -0.1594 
29.1649 0.9779 0.2917 -0.2089 
29.1901 0.9662 0.2920 -0.2578 
29.2154 0.9519 0.2923 -0.3063 
29.2407 0.9352 0.2925 -0.3540 
29.2661 0.9161 0.2928 -0.4011 
29.2916 0.8944 0.2930 -0.4472 
29.3172 0.8704 0.2933 -0.4924 
29.3429 0.8439 0.2935 -0.5365 
29.3688 0.8150 0.2938 -0.5795 
29.3948 0.7837 0.2940 -0.6212 
29.4211 0.7500 0.2943 -0.6614 
29.4476 0.7139 0.2946 -0.7002 
29.4743 0.6755 0.2948 -0.7373 
29.5011 0.6350 0.2951 -0.7725 
29.5276 0.5932 0.2954 -0.8051 
29.5540 0.5500 0.2956 -0.8352 
29.5801 0.5056 0.2959 -0.8627 
29.6060 0.4602 0.2962 -0.8878 
29.6318 0.4139 0.2964 -0.9103 
29.6574 0.3667 0.2967 -0.9303 
29.6829 0.3187 0.2969 -0.9478 
29.7083 0.2702 0.2972 -0.9628 
29.7337 0.2211 0.2974 -0.9753 
29.7589 0.1715 0.2977 -0.9852 
29.7841 0.1217 0.2979 -0.9926 
29.8093 0.0716 0.2982 -0.9974 
29.8344 0.0214 0.2984 -0.9998 
29.8595 -0.0288 0.2987 -0.9996 
29.8846 -0.0789 0.2989 -0.9969 
29.9097 -0.1288 0.2992 -0.9917 
29.9348 -0.1785 0.2994 -0.9839 
29.9600 -0.2277 0.2997 -0.9737 
29.9852 -0.2765 0.3000 -0.9610 
30.0105 -0.3247 0.3002 -0.9458 
30.0358 -0.3722 0.3005 -0.9281 
30.0613 -0.4189 0.3007 -0.9080 
30.0868 -0.4647 0.3010 -0.8855 
30.1124 -0.5095 0.3012 -0.8605 
30.1382 -0.5532 0.3015 -0.8330 
30.1642 -0.5957 0.3017 -0.8032 
30.1903 -0.6368 0.3020 -0.7710 
30.2167 -0.6765 0.3023 -0.7364 
30.2432 -0.7147 0.3025 -0.6994 
30.2700 -0.7512 0.3028 -0.6601 
30.2967 -0.7853 0.3031 -0.6191 
30.3232 -0.8170 0.3033 -0.5767 
30.3494 -0.8461 0.3036 -0.5330 
30.3755 -0.8727 0.3039 -0.4883 
30.4013 -0.8968 0.3041 -0.4425 
30.4271 -0.9183 0.3044 -0.3958 
30.4526 -0.9374 0.3046 -0.3483 
30.4781 -0.9539 0.3049 -0.3001 
30.5035 -0.9679 0.3051 -0.2513 
30.5288 -0.9794 0.3054 -0.2021 
30.5540 -0.9883 0.3056 -0.1524 
30.5792 -0.9947 0.3059 -0.1025 
30.6044 -0.9986 0.3061 -0.0523 
30.6295 -1.0000 0.3064 -0.0021 
30.6546 -0.9988 0.3066 0.0481 
30.6797 -0.9952 0.3069 0.0981 
30.7048 -0.9890 0.3071 0.1480 
30.7299 -0.9803 0.3074 0.1975 
30.7551 -0.9691 0.3077 0.2466 
30.7803 -0.9555 0.3079 0.2951 
30.8056 -0.9393 0.3082 0.3431 
30.8310 -0.9207 0.3084 0.3903 
30.8565 -0.8996 0.3087 0.4367 
30.8820 -0.8761 0.3089 0.4821 
30.9077 -0.8502 0.3092 0.5265 
30.9336 -0.8218 0.3094 0.5697 
30.9596 -0.7911 0.3097 0.6117 
30.9858 -0.7580 0.3100 0.6523 
31.0122 -0.7225 0.3102 0.6914 
31.0389 -0.6846 0.3105 0.7289 
31.0658 -0.6445 0.3108 0.7646 
31.0924 -0.6029 0.3110 0.7978 
31.1187 -0.5600 0.3113 0.8285 
31.1449 -0.5159 0.3115 0.8566 
31.1709 -0.4707 0.3118 0.8823 
31.1967 -0.4246 0.3121 0.9054 
31.2223 -0.3776 0.3123 0.9260 
31.2479 -0.3298 0.3126 0.9441 
31.2733 -0.2814 0.3128 0.9596 
31.2987 -0.2324 0.3131 0.9726 
31.3239 -0.1829 0.3133 0.9831 
31.3492 -0.1332 0.3136 0.9911 
31.3743 -0.0831 0.3138 0.9965 
31.3994 -0.0330 0.3141 0.9995 
31.4246 0.0173 0.3143 0.9999 
31.4497 0.0674 0.3146 0.9977 
31.4748 0.1174 0.3148 0.9931 
31.4999 0.1671 0.3151 0.9859 
31.5250 0.2165 0.3154 0.9763 
31.5502 0.2654 0.3156 0.9641 
31.5755 0.3137 0.3159 0.9495 
31.6008 0.3614 0.3161 0.9324 
31.6262 0.4083 0.3164 0.9129 
31.6517 0.4543 0.3166 0.8908 
31.6773 0.4993 0.3169 0.8664 
31.7031 0.5433 0.3171 0.8395 
31.7290 0.5861 0.3174 0.8103 
31.7551 0.6275 0.3177 0.7786 
31.7814 0.6676 0.3179 0.7446 
31.8079 0.7061 0.3182 0.7081 
31.8347 0.7430 0.3184 0.6693 
31.8614 0.7777 0.3187 0.6286 
31.8879 0.8099 0.3190 0.5865 
31.9142 0.8396 0.3192 0.5432 
31.9403 0.8668 0.3195 0.4987 
31.9662 0.8915 0.3198 0.4531 
31.9920 0.9136 0.3200 0.4066 
32.0176 0.9332 0.3203 0.3593 
32.0431 0.9503 0.3205 0.3113 
32.0685 0.9649 0.3208 0.2626 
32.0938 0.9770 0.3210 0.2134 
32.1190 0.9865 0.3213 0.1638 
32.1442 0.9935 0.3215 0.1140 
32.1694 0.9980 0.3218 0.0639 
32.1945 0.9999 0.3220 0.0137 
32.2196 0.9993 0.3223 -0.0365 
32.2447 0.9962 0.3225 -0.0866 
32.2698 0.9906 0.3228 -0.1365 
32.2949 0.9825 0.3230 -0.1861 
32.3201 0.9719 0.3233 -0.2353 
32.3453 0.9588 0.3236 -0.2840 
32.3706 0.9432 0.3238 -0.3321 
32.3960 0.9252 0.3241 -0.3795 
32.4214 0.9047 0.3243 -0.4261 
32.4470 0.8817 0.3246 -0.4717 
32.4726 0.8564 0.3248 -0.5164 
32.4984 0.8286 0.3251 -0.5599 
32.5244 0.7984 0.3253 -0.6021 
32.5506 0.7658 0.3256 -0.6431 
32.5769 0.7308 0.3259 -0.6825 
32.6035 0.6935 0.3261 -0.7204 
32.6304 0.6538 0.3264 -0.7567 
32.6571 0.6126 0.3267 -0.7904 
32.6835 0.5700 0.3269 -0.8217 
32.7097 0.5261 0.3272 -0.8504 
32.7357 0.4812 0.3275 -0.8766 
32.7616 0.4353 0.3277 -0.9003 
32.7872 0.3884 0.3280 -0.9215 
32.8128 0.3408 0.3282 -0.9401 
32.8383 0.2925 0.3285 -0.9563 
32.8636 0.2437 0.3287 -0.9699 
32.8889 0.1943 0.3290 -0.9809 
32.9142 0.1446 0.3292 -0.9895 
32.9393 0.0946 0.3295 -0.9955 
32.9645 0.0445 0.3297 -0.9990 
32.9896 -0.0057 0.3300 -1.0000 
33.0147 -0.0559 0.3302 -0.9984 
33.0398 -0.1059 0.3305 -0.9944 
33.0649 -0.1557 0.3307 -0.9878 
33.0900 -0.2052 0.3310 -0.9787 
33.1152 -0.2542 0.3313 -0.9672 
33.1405 -0.3027 0.3315 -0.9531 
33.1658 -0.3505 0.3318 -0.9366 
33.1912 -0.3976 0.3320 -0.9176 
33.2166 -0.4438 0.3323 -0.8961 
33.2422 -0.4891 0.3325 -0.8722 
33.2680 -0.5333 0.3328 -0.8459 
33.2938 -0.5763 0.3330 -0.8172 
33.3199 -0.6181 0.3333 -0.7861 
33.3461 -0.6585 0.3336 -0.7526 
33.3726 -0.6974 0.3338 -0.7167 
33.3993 -0.7346 0.3341 -0.6785 
33.4261 -0.7700 0.3344 -0.6381 
33.4527 -0.8028 0.3346 -0.5963 
33.4790 -0.8330 0.3349 -0.5532 
33.5051 -0.8608 0.3352 -0.5090 
33.5311 -0.8860 0.3354 -0.4636 
33.5569 -0.9087 0.3357 -0.4174 
33.5825 -0.9289 0.3359 -0.3702 
33.6080 -0.9466 0.3362 -0.3223 
33.6334 -0.9618 0.3364 -0.2738 
33.6588 -0.9744 0.3367 -0.2247 
33.6840 -0.9845 0.3369 -0.1752 
33.7092 -0.9921 0.3372 -0.1254 
33.7344 -0.9972 0.3374 -0.0754 
33.7595 -0.9997 0.3377 -0.0252 
33.7846 -0.9997 0.3379 0.0250 
33.8097 -0.9972 0.3382 0.0752 
33.8348 -0.9921 0.3384 0.1251 
33.8600 -0.9846 0.3387 0.1748 
33.8851 -0.9746 0.3390 0.2241 
33.9103 -0.9620 0.3392 0.2729 
33.9356 -0.9470 0.3395 0.3212 
33.9609 -0.9295 0.3397 0.3687 
33.9864 -0.9096 0.3400 0.4155 
34.0119 -0.8872 0.3402 0.4613 
34.0375 -0.8624 0.3405 0.5062 
34.0633 -0.8352 0.3407 0.5500 
34.0892 -0.8055 0.3410 0.5926 
34.1154 -0.7735 0.3413 0.6338 
34.1417 -0.7391 0.3415 0.6736 
34.1682 -0.7023 0.3418 0.7119 
34.1950 -0.6631 0.3421 0.7485 
34.2217 -0.6222 0.3423 0.7829 
34.2482 -0.5799 0.3426 0.8147 
34.2745 -0.5363 0.3428 0.8440 
34.3005 -0.4917 0.3431 0.8708 
34.3264 -0.4460 0.3434 0.8951 
34.3521 -0.3993 0.3436 0.9168 
34.3777 -0.3519 0.3439 0.9360 
34.4032 -0.3037 0.3441 0.9528 
34.4286 -0.2550 0.3444 0.9669 
34.4539 -0.2058 0.3446 0.9786 
34.4791 -0.1561 0.3449 0.9877 
34.5043 -0.1062 0.3451 0.9943 
34.5295 -0.0561 0.3454 0.9984 
34.5546 -0.0059 0.3456 1.0000 
34.5797 0.0443 0.3459 0.9990 
34.6048 0.0944 0.3461 0.9955 
34.6299 0.1443 0.3464 0.9895 
34.6550 0.1938 0.3467 0.9810 
34.6802 0.2429 0.3469 0.9700 
34.7054 0.2915 0.3472 0.9566 
34.7307 0.3395 0.3474 0.9406 
34.7561 0.3868 0.3477 0.9222 
34.7816 0.4332 0.3479 0.9013 
34.8071 0.4787 0.3482 0.8780 
34.8328 0.5232 0.3484 0.8522 
34.8587 0.5665 0.3487 0.8240 
34.8847 0.6086 0.3489 0.7935 
34.9109 0.6493 0.3492 0.7605 
34.9373 0.6885 0.3495 0.7252 
34.9639 0.7262 0.3497 0.6875 
34.9908 0.7621 0.3500 0.6475 
35.0174 0.7955 0.3503 0.6060 
35.0438 0.8263 0.3505 0.5632 
35.0700 0.8547 0.3508 0.5192 
35.0959 0.8805 0.3511 0.4741 
35.1218 0.9038 0.3513 0.4280 
35.1474 0.9245 0.3516 0.3811 
35.1730 0.9428 0.3518 0.3333 
35.1984 0.9585 0.3521 0.2850 
35.2238 0.9718 0.3523 0.2360 
35.2491 0.9824 0.3526 0.1866 
35.2743 0.9906 0.3528 0.1368 
35.2994 0.9962 0.3531 0.0868 
35.3246 0.9993 0.3533 0.0367 
35.3497 0.9999 0.3536 -0.0135 
35.3748 0.9980 0.3538 -0.0637 
35.3999 0.9935 0.3541 -0.1137 
35.4250 0.9866 0.3544 -0.1635 
35.4502 0.9771 0.3546 -0.2129 
35.4754 0.9651 0.3549 -0.2618 
35.5006 0.9507 0.3551 -0.3102 
35.5259 0.9338 0.3554 -0.3579 
35.5513 0.9144 0.3556 -0.4048 
35.5768 0.8926 0.3559 -0.4509 
35.6024 0.8683 0.3561 -0.4960 
35.6282 0.8416 0.3564 -0.5401 
35.6541 0.8125 0.3566 -0.5829 
35.6802 0.7810 0.3569 -0.6245 
35.7064 0.7472 0.3572 -0.6647 
35.7329 0.7109 0.3574 -0.7033 
35.7597 0.6723 0.3577 -0.7403 
35.7864 0.6317 0.3580 -0.7752 
35.8130 0.5897 0.3582 -0.8076 
35.8393 0.5464 0.3585 -0.8375 
35.8654 0.5020 0.3588 -0.8649 
35.8913 0.4565 0.3590 -0.8897 
35.9170 0.4101 0.3593 -0.9121 
35.9427 0.3628 0.3595 -0.9319 
35.9682 0.3148 0.3598 -0.9492 
35.9936 0.2662 0.3600 -0.9639 
36.0189 0.2171 0.3603 -0.9762 
36.0442 0.1675 0.3605 -0.9859 
36.0694 0.1176 0.3608 -0.9931 
36.0945 0.0676 0.3610 -0.9977 
36.1196 0.0174 0.3613 -0.9998 
36.1447 -0.0328 0.3615 -0.9995 
36.1698 -0.0829 0.3618 -0.9966 
36.1949 -0.1329 0.3620 -0.9911 
36.2201 -0.1825 0.3623 -0.9832 
36.2452 -0.2317 0.3626 -0.9728 
36.2704 -0.2805 0.3628 -0.9599 
36.2957 -0.3286 0.3631 -0.9445 
36.3211 -0.3760 0.3633 -0.9266 
36.3465 -0.4227 0.3636 -0.9063 
36.3720 -0.4684 0.3638 -0.8835 
36.3977 -0.5131 0.3641 -0.8583 
36.4235 -0.5567 0.3643 -0.8307 
36.4495 -0.5991 0.3646 -0.8007 
36.4756 -0.6401 0.3649 -0.7683 
36.5020 -0.6797 0.3651 -0.7335 
36.5286 -0.7177 0.3654 -0.6963 
36.5554 -0.7540 0.3657 -0.6568 
36.5821 -0.7880 0.3659 -0.6157 
36.6085 -0.8194 0.3662 -0.5732 
36.6347 -0.8483 0.3664 -0.5294 
36.6608 -0.8747 0.3667 -0.4846 
36.6866 -0.8986 0.3670 -0.4387 
36.7123 -0.9200 0.3672 -0.3920 
36.7379 -0.9388 0.3675 -0.3444 
36.7634 -0.9551 0.3677 -0.2962 
36.7887 -0.9689 0.3680 -0.2473 
36.8140 -0.9802 0.3682 -0.1980 
36.8393 -0.9889 0.3685 -0.1483 
36.8644 -0.9951 0.3687 -0.0984 
36.8896 -0.9988 0.3690 -0.0482 
36.9147 -1.0000 0.3692 0.0020 
36.9398 -0.9986 0.3695 0.0521 
36.9649 -0.9948 0.3697 0.1022 
36.9900 -0.9884 0.3700 0.1520 
37.0152 -0.9795 0.3703 0.2015 
37.0403 -0.9681 0.3705 0.2506 
37.0656 -0.9542 0.3708 0.2991 
37.0909 -0.9379 0.3710 0.3470 
37.1163 -0.9191 0.3713 0.3941 
37.1417 -0.8978 0.3715 0.4404 
37.1673 -0.8741 0.3718 0.4857 
37.1930 -0.8480 0.3720 0.5300 
37.2189 -0.8194 0.3723 0.5732 
37.2449 -0.7885 0.3725 0.6150 
37.2712 -0.7552 0.3728 0.6555 
37.2976 -0.7195 0.3731 0.6945 
37.3243 -0.6814 0.3733 0.7319 
37.3511 -0.6411 0.3736 0.7674 
37.3777 -0.5995 0.3739 0.8004 
37.4041 -0.5565 0.3741 0.8309 
37.4302 -0.5123 0.3744 0.8588 
37.4561 -0.4670 0.3747 0.8842 
37.4819 -0.4208 0.3749 0.9071 
37.5076 -0.3737 0.3752 0.9275 
37.5331 -0.3259 0.3754 0.9454 
37.5586 -0.2774 0.3757 0.9608 
37.5839 -0.2284 0.3759 0.9736 
37.6092 -0.1789 0.3762 0.9839 
37.6344 -0.1291 0.3764 0.9916 
37.6595 -0.0791 0.3767 0.9969 
37.6847 -0.0289 0.3769 0.9996 
37.7098 0.0213 0.3772 0.9998 
37.7349 0.0715 0.3774 0.9974 
37.7600 0.1214 0.3777 0.9926 
37.7851 0.1711 0.3780 0.9852 
37.8103 0.2205 0.3782 0.9754 
37.8355 0.2693 0.3785 0.9631 
37.8607 0.3176 0.3787 0.9482 
37.8860 0.3652 0.3790 0.9309 
37.9115 0.4120 0.3792 0.9112 
37.9370 0.4580 0.3795 0.8890 
37.9626 0.5029 0.3797 0.8643 
37.9884 0.5468 0.3800 0.8373 
38.0143 0.5895 0.3802 0.8078 
38.0404 0.6308 0.3805 0.7759 
38.0667 0.6707 0.3808 0.7417 
38.0932 0.7091 0.3810 0.7051 
38.1200 0.7459 0.3813 0.6661 
38.1468 0.7804 0.3816 0.6253 
38.1733 0.8124 0.3818 0.5831 
38.1995 0.8419 0.3821 0.5396 
38.2256 0.8689 0.3824 0.4950 
38.2515 0.8933 0.3826 0.4494 
38.2772 0.9153 0.3829 0.4028 
38.3028 0.9347 0.3831 0.3554 
38.3283 0.9516 0.3834 0.3073 
38.3537 0.9660 0.3836 0.2586 
38.3790 0.9778 0.3839 0.2094 
38.4043 0.9871 0.3841 0.1598 
38.4294 0.9939 0.3844 0.1099 
38.4546 0.9982 0.3846 0.0598 
38.4797 1.0000 0.3849 0.0096 
38.5048 0.9992 0.3851 -0.0406 
38.5299 0.9959 0.3854 -0.0907 
38.5550 0.9901 0.3857 -0.1406 
38.5802 0.9818 0.3859 -0.1901 
38.6053 0.9709 0.3862 -0.2393 
38.6306 0.9576 0.3864 -0.2880 
38.6558 0.9419 0.3867 -0.3360 
38.6812 0.9236 0.3869 -0.3833 
38.7066 0.9029 0.3872 -0.4298 
38.7322 0.8798 0.3874 -0.4754 
38.7579 0.8542 0.3877 -0.5199 
38.7837 0.8262 0.3879 -0.5633 
38.8097 0.7958 0.3882 -0.6055 
38.8359 0.7631 0.3885 -0.6463 
38.8623 0.7279 0.3887 -0.6857 
38.8889 0.6904 0.3890 -0.7234 
38.9158 0.6505 0.3893 -0.7595 
38.9424 0.6091 0.3895 -0.7931 
38.9688 0.5664 0.3898 -0.8241 
38.9950 0.5225 0.3901 -0.8526 
39.0210 0.4775 0.3903 -0.8786 
39.0468 0.4315 0.3906 -0.9021 
39.0725 0.3846 0.3908 -0.9231 
39.0981 0.3369 0.3911 -0.9415 
39.1235 0.2886 0.3913 -0.9575 
39.1489 0.2397 0.3916 -0.9709 
39.1742 0.1903 0.3918 -0.9817 
39.1994 0.1406 0.3921 -0.9901 
39.2246 0.0906 0.3923 -0.9959 
39.2497 0.0404 0.3926 -0.9992 
39.2748 -0.0098 0.3928 -1.0000 
39.2999 -0.0600 0.3931 -0.9982 
39.3250 -0.1100 0.3934 -0.9939 
39.3501 -0.1598 0.3936 -0.9872 
39.3753 -0.2092 0.3939 -0.9779 
39.4005 -0.2582 0.3941 -0.9661 
39.4257 -0.3066 0.3944 -0.9518 
39.4510 -0.3544 0.3946 -0.9351 
39.4764 -0.4014 0.3949 -0.9159 
39.5019 -0.4475 0.3951 -0.8943 
39.5275 -0.4927 0.3954 -0.8702 
39.5533 -0.5369 0.3956 -0.8437 
39.5791 -0.5798 0.3959 -0.8148 
39.6052 -0.6215 0.3962 -0.7834 
39.6315 -0.6617 0.3964 -0.7498 
39.6579 -0.7005 0.3967 -0.7137 
39.6847 -0.7376 0.3969 -0.6752 
39.7115 -0.7727 0.3972 -0.6348 
39.7380 -0.8053 0.3975 -0.5929 
39.7643 -0.8354 0.3977 -0.5497 
39.7904 -0.8629 0.3980 -0.5053 
39.8164 -0.8880 0.3983 -0.4599 
39.8421 -0.9105 0.3985 -0.4135 
39.8678 -0.9305 0.3988 -0.3663 
39.8933 -0.9480 0.3990 -0.3184 
39.9187 -0.9629 0.3993 -0.2698 
39.9440 -0.9753 0.3995 -0.2207 
39.9693 -0.9852 0.3998 -0.1712 
39.9945 -0.9926 0.4000 -0.1214 
40.0196 -0.9975 0.4003 -0.0713 
40.0448 -0.9998 0.4005 -0.0211 
40.0699 -0.9996 0.4008 0.0291 
40.0950 -0.9969 0.4010 0.0792 
40.1201 -0.9916 0.4013 0.1292 
40.1452 -0.9839 0.4016 0.1788 
40.1704 -0.9736 0.4018 0.2281 
40.1956 -0.9609 0.4021 0.2769 
40.2208 -0.9457 0.4023 0.3250 
40.2462 -0.9280 0.4026 0.3725 
40.2716 -0.9079 0.4028 0.4192 
40.2971 -0.8853 0.4031 0.4650 
40.3228 -0.8603 0.4033 0.5098 
40.3486 -0.8328 0.4036 0.5535 
40.3745 -0.8030 0.4038 0.5960 
40.4007 -0.7708 0.4041 0.6371 
40.4270 -0.7362 0.4044 0.6768 
40.4536 -0.6992 0.4046 0.7149 
40.4804 -0.6598 0.4049 0.7514 
40.5071 -0.6188 0.4052 0.7856 
40.5336 -0.5764 0.4054 0.8172 
40.5598 -0.5327 0.4057 0.8463 
40.5858 -0.4880 0.4060 0.8729 
40.6117 -0.4422 0.4062 0.8969 
40.6374 -0.3955 0.4065 0.9185 
40.6630 -0.3480 0.4067 0.9375 
40.6885 -0.2998 0.4070 0.9540 
40.7139 -0.2510 0.4072 0.9680 
40.7391 -0.2017 0.4075 0.9794 
40.7644 -0.1521 0.4077 0.9884 
40.7896 -0.1021 0.4080 0.9948 
40.8147 -0.0520 0.4082 0.9986 
40.8398 -0.0018 0.4085 1.0000 
40.8649 0.0484 0.4087 0.9988 
40.8900 0.0985 0.4090 0.9951 
40.9151 0.1483 0.4093 0.9889 
40.9403 0.1978 0.4095 0.9802 
40.9655 0.2469 0.4098 0.9690 
40.9907 0.2955 0.4100 0.9553 
41.0160 0.3434 0.4103 0.9392 
41.0414 0.3906 0.4105 0.9206 
41.0668 0.4370 0.4108 0.8995 
41.0924 0.4824 0.4110 0.8760 
41.1181 0.5268 0.4113 0.8500 
41.1440 0.5700 0.4115 0.8216 
41.1700 0.6120 0.4118 0.7909 
41.1962 0.6526 0.4121 0.7577 
41.2226 0.6917 0.4123 0.7222 
41.2493 0.7292 0.4126 0.6843 
41.2761 0.7649 0.4129 0.6442 
41.3027 0.7981 0.4131 0.6026 
41.3291 0.8287 0.4134 0.5597 
41.3553 0.8568 0.4137 0.5156 
41.3812 0.8824 0.4139 0.4704 
41.4070 0.9055 0.4142 0.4243 
41.4327 0.9261 0.4144 0.3772 
41.4582 0.9442 0.4147 0.3295 
41.4837 0.9597 0.4149 0.2810 
41.5090 0.9727 0.4152 0.2320 
41.5343 0.9832 0.4154 0.1826 
41.5595 0.9911 0.4157 0.1328 
41.5847 0.9966 0.4159 0.0828 
41.6098 0.9995 0.4162 0.0326 
41.6349 0.9998 0.4164 -0.0176 
41.6600 0.9977 0.4167 -0.0677 
41.6851 0.9930 0.4170 -0.1177 
41.7102 0.9859 0.4172 -0.1675 
41.7354 0.9762 0.4175 -0.2168 
41.7606 0.9640 0.4177 -0.2657 
41.7858 0.9494 0.4180 -0.3141 
41.8112 0.9323 0.4182 -0.3617 
41.8366 0.9127 0.4185 -0.4086 
41.8621 0.8907 0.4187 -0.4546 
41.8877 0.8662 0.4190 -0.4997 
41.9135 0.8393 0.4192 -0.5436 
41.9394 0.8101 0.4195 -0.5863 
41.9655 0.7784 0.4198 -0.6278 
41.9917 0.7443 0.4200 -0.6678 
42.0183 0.7079 0.4203 -0.7063 
42.0450 0.6691 0.4206 -0.7432 
42.0718 0.6284 0.4208 -0.7779 
42.0983 0.5862 0.4211 -0.8101 
42.1246 0.5429 0.4213 -0.8398 
42.1507 0.4984 0.4216 -0.8670 
42.1766 0.4528 0.4219 -0.8916 
42.2023 0.4063 0.4221 -0.9137 
42.2279 0.3590 0.4224 -0.9334 
42.2534 0.3109 0.4226 -0.9504 
42.2788 0.2623 0.4229 -0.9650 
42.3041 0.2131 0.4231 -0.9770 
42.3294 0.1635 0.4234 -0.9865 
42.3546 0.1136 0.4236 -0.9935 
42.3797 0.0635 0.4239 -0.9980 
42.4048 0.0133 0.4241 -0.9999 
42.4299 -0.0369 0.4244 -0.9993 
42.4550 -0.0870 0.4247 -0.9962 
42.4802 -0.1369 0.4249 -0.9906 
42.5053 -0.1865 0.4252 -0.9825 
42.5305 -0.2357 0.4254 -0.9718 
42.5557 -0.2844 0.4257 -0.9587 
42.5810 -0.3325 0.4259 -0.9431 
42.6063 -0.3798 0.4262 -0.9251 
42.6318 -0.4264 0.4264 -0.9045 
42.6573 -0.4720 0.4267 -0.8816 
42.6830 -0.5167 0.4269 -0.8562 
42.7088 -0.5602 0.4272 -0.8284 
42.7348 -0.6024 0.4274 -0.7982 
42.7609 -0.6434 0.4277 -0.7656 
42.7873 -0.6828 0.4280 -0.7306 
42.8139 -0.7207 0.4282 -0.6932 
42.8408 -0.7569 0.4285 -0.6535 
42.8674 -0.7907 0.4288 -0.6123 
42.8939 -0.8219 0.4290 -0.5697 
42.9201 -0.8506 0.4293 -0.5258 
42.9461 -0.8768 0.4296 -0.4809 
42.9719 -0.9005 0.4298 -0.4350 
42.9976 -0.9216 0.4301 -0.3881 
43.0232 -0.9402 0.4303 -0.3405 
43.0486 -0.9564 0.4306 -0.2922 
43.0740 -0.9699 0.4308 -0.2433 
43.0993 -0.9810 0.4311 -0.1940 
43.1245 -0.9895 0.4313 -0.1443 
43.1497 -0.9955 0.4316 -0.0943 
43.1748 -0.9990 0.4318 -0.0442 
43.1999 -1.0000 0.4321 0.0061 
43.2250 -0.9984 0.4324 0.0562 
43.2501 -0.9943 0.4326 0.1063 
43.2752 -0.9877 0.4329 0.1561 
43.3004 -0.9787 0.4331 0.2055 
43.3256 -0.9671 0.4334 0.2545 
43.3508 -0.9530 0.4336 0.3030 
43.3761 -0.9364 0.4339 0.3508 
43.4015 -0.9174 0.4341 0.3979 
43.4270 -0.8960 0.4344 0.4441 
43.4526 -0.8721 0.4346 0.4894 
43.4783 -0.8457 0.4349 0.5336 
43.5042 -0.8170 0.4351 0.5766 
43.5302 -0.7859 0.4354 0.6184 
43.5565 -0.7524 0.4357 0.6588 
43.5829 -0.7165 0.4359 0.6976 
43.6096 -0.6782 0.4362 0.7349 
43.6365 -0.6378 0.4365 0.7702 
43.6630 -0.5960 0.4367 0.8030 
43.6894 -0.5529 0.4370 0.8332 
43.7155 -0.5087 0.4373 0.8610 
43.7414 -0.4633 0.4375 0.8862 
43.7672 -0.4170 0.4378 0.9089 
43.7929 -0.3699 0.4380 0.9291 
43.8184 -0.3220 0.4383 0.9467 
43.8438 -0.2735 0.4385 0.9619 
43.8691 -0.2244 0.4388 0.9745 
43.8944 -0.1749 0.4390 0.9846 
43.9196 -0.1251 0.4393 0.9921 
43.9448 -0.0750 0.4395 0.9972 
43.9699 -0.0248 0.4398 0.9997 
43.9950 0.0254 0.4400 0.9997 
44.0201 0.0755 0.4403 0.9971 
44.0452 0.1255 0.4406 0.9921 
44.0703 0.1751 0.4408 0.9845 
44.0955 0.2244 0.4411 0.9745 
44.1207 0.2733 0.4413 0.9619 
44.1459 0.3215 0.4416 0.9469 
44.1713 0.3690 0.4418 0.9294 
44.1967 0.4158 0.4421 0.9095 
44.2222 0.4617 0.4423 0.8871 
44.2479 0.5065 0.4426 0.8622 
44.2737 0.5503 0.4428 0.8350 
44.2996 0.5929 0.4431 0.8053 
44.3257 0.6341 0.4434 0.7733 
44.3520 0.6739 0.4436 0.7388 
44.3786 0.7122 0.4439 0.7020 
44.4054 0.7488 0.4442 0.6628 
44.4321 0.7831 0.4444 0.6219 
44.4586 0.8149 0.4447 0.5796 
44.4848 0.8442 0.4449 0.5360 
44.5109 0.8710 0.4452 0.4913 
44.5368 0.8952 0.4455 0.4456 
44.5625 0.9170 0.4457 0.3990 
44.5881 0.9362 0.4460 0.3516 
44.6136 0.9529 0.4462 0.3034 
44.6389 0.9670 0.4465 0.2547 
44.6643 0.9787 0.4467 0.2054 
44.6895 0.9878 0.4470 0.1558 
44.7147 0.9944 0.4472 0.1058 
44.7398 0.9984 0.4475 0.0557 
44.7649 1.0000 0.4477 0.0055 
44.7900 0.9990 0.4480 -0.0447 
44.8151 0.9955 0.4483 -0.0947 
44.8403 0.9895 0.4485 -0.1446 
44.8654 0.9810 0.4488 -0.1941 
44.8906 0.9700 0.4490 -0.2433 
44.9158 0.9565 0.4493 -0.2919 
44.9411 0.9405 0.4495 -0.3399 
44.9664 0.9220 0.4498 -0.3871 
44.9919 0.9011 0.4500 -0.4335 
45.0175 0.8778 0.4503 -0.4790 
45.0432 0.8520 0.4505 -0.5235 
45.0690 0.8238 0.4508 -0.5668 
45.0950 0.7933 0.4511 -0.6089 
45.1212 0.7603 0.4513 -0.6496 
45.1476 0.7249 0.4516 -0.6888 
45.1743 0.6872 0.4518 -0.7264 
45.2011 0.6472 0.4521 -0.7623 
45.2278 0.6057 0.4524 -0.7957 
45.2541 0.5629 0.4526 -0.8265 
45.2803 0.5189 0.4529 -0.8548 
45.3063 0.4738 0.4532 -0.8806 
45.3321 0.4277 0.4534 -0.9039 
45.3578 0.3807 0.4537 -0.9247 
45.3833 0.3330 0.4539 -0.9429 
45.4088 0.2846 0.4542 -0.9586 
45.4341 0.2357 0.4544 -0.9718 
45.4594 0.1863 0.4547 -0.9825 
45.4846 0.1365 0.4549 -0.9906 
45.5098 0.0865 0.4552 -0.9963 
45.5349 0.0363 0.4554 -0.9993 
45.5600 -0.0139 0.4557 -0.9999 
45.5851 -0.0640 0.4560 -0.9979 
45.6102 -0.1140 0.4562 -0.9935 
45.6354 -0.1638 0.4565 -0.9865 
45.6605 -0.2132 0.4567 -0.9770 
45.6857 -0.2621 0.4570 -0.9650 
45.7110 -0.3105 0.4572 -0.9506 
45.7363 -0.3582 0.4575 -0.9336 
45.7617 -0.4052 0.4577 -0.9142 
45.7872 -0.4512 0.4580 -0.8924 
45.8128 -0.4964 0.4582 -0.8681 
45.8385 -0.5404 0.4585 -0.8414 
45.8644 -0.5832 0.4587 -0.8123 
45.8905 -0.6248 0.4590 -0.7808 
45.9168 -0.6649 0.4593 -0.7469 
45.9433 -0.7035 0.4595 -0.7107 
45.9700 -0.7405 0.4598 -0.6720 
45.9968 -0.7754 0.4601 -0.6314 
46.0233 -0.8078 0.4603 -0.5894 
46.0496 -0.8377 0.4606 -0.5461 
46.0757 -0.8651 0.4609 -0.5017 
46.1016 -0.8899 0.4611 -0.4562 
46.1274 -0.9122 0.4614 -0.4098 
46.1530 -0.9320 0.4616 -0.3625 
46.1785 -0.9493 0.4619 -0.3145 
46.2039 -0.9640 0.4621 -0.2659 
46.2293 -0.9762 0.4624 -0.2167 
46.2545 -0.9859 0.4626 -0.1672 
46.2797 -0.9931 0.4629 -0.1173 
46.3049 -0.9977 0.4631 -0.0672 
46.3300 -0.9999 0.4634 -0.0170 
46.3551 -0.9994 0.4637 0.0332 
46.3802 -0.9965 0.4639 0.0833 
46.4053 -0.9911 0.4642 0.1332 
46.4304 -0.9831 0.4644 0.1828 
46.4556 -0.9727 0.4647 0.2321 
46.4808 -0.9598 0.4649 0.2808 
46.5061 -0.9444 0.4652 0.3289 
46.5314 -0.9265 0.4654 0.3764 
46.5569 -0.9061 0.4657 0.4230 
46.5824 -0.8834 0.4659 0.4687 
46.6081 -0.8581 0.4662 0.5134 
46.6339 -0.8305 0.4664 0.5570 
46.6598 -0.8005 0.4667 0.5994 
46.6860 -0.7681 0.4670 0.6404 
46.7123 -0.7333 0.4672 0.6800 
46.7389 -0.6961 0.4675 0.7180 
46.7658 -0.6565 0.4678 0.7543 
46.7925 -0.6154 0.4680 0.7882 
46.8189 -0.5729 0.4683 0.8196 
46.8451 -0.5291 0.4686 0.8485 
46.8711 -0.4843 0.4688 0.8749 
46.8970 -0.4384 0.4691 0.8988 
46.9227 -0.3916 0.4693 0.9201 
46.9483 -0.3441 0.4696 0.9389 
46.9737 -0.2958 0.4698 0.9552 
46.9991 -0.2470 0.4701 0.9690 
47.0244 -0.1977 0.4703 0.9803 
47.0496 -0.1480 0.4706 0.9890 
47.0748 -0.0980 0.4708 0.9952 
47.0999 -0.0479 0.4711 0.9989 
47.1250 0.0023 0.4714 1.0000 
47.1501 0.0525 0.4716 0.9986 
47.1753 0.1025 0.4719 0.9947 
47.2004 0.1524 0.4721 0.9883 
47.2255 0.2018 0.4724 0.9794 
47.2507 0.2509 0.4726 0.9680 
47.2759 0.2994 0.4729 0.9541 
47.3012 0.3473 0.4731 0.9378 
47.3266 0.3944 0.4734 0.9189 
47.3521 0.4407 0.4736 0.8976 
47.3777 0.4861 0.4739 0.8739 
47.4034 0.5303 0.4741 0.8478 
47.4293 0.5735 0.4744 0.8192 
47.4553 0.6153 0.4747 0.7883 
47.4815 0.6558 0.4749 0.7549 
47.5080 0.6948 0.4752 0.7192 
47.5346 0.7322 0.4754 0.6811 
47.5615 0.7677 0.4757 0.6409 
47.5881 0.8006 0.4760 0.5992 
47.6144 0.8311 0.4762 0.5562 
47.6405 0.8590 0.4765 0.5120 
47.6665 0.8844 0.4768 0.4667 
47.6923 0.9073 0.4770 0.4205 
47.7180 0.9277 0.4773 0.3734 
47.7435 0.9455 0.4775 0.3256 
47.7689 0.9608 0.4778 0.2771 
47.7943 0.9736 0.4780 0.2280 
47.8195 0.9839 0.4783 0.1786 
47.8447 0.9917 0.4785 0.1288 
47.8699 0.9969 0.4788 0.0787 
47.8950 0.9996 0.4791 0.0286 
47.9201 0.9998 0.4793 -0.0217 
47.9452 0.9974 0.4796 -0.0718 
47.9703 0.9926 0.4798 -0.1218 
47.9954 0.9852 0.4801 -0.1715 
48.0206 0.9753 0.4803 -0.2208 
48.0458 0.9630 0.4806 -0.2697 
48.0711 0.9481 0.4808 -0.3179 
48.0964 0.9308 0.4811 -0.3655 
48.1218 0.9110 0.4813 -0.4124 
48.1473 0.8888 0.4816 -0.4583 
48.1730 0.8641 0.4818 -0.5032 
48.1987 0.8371 0.4821 -0.5471 
48.2247 0.8076 0.4823 -0.5898 
48.2508 0.7757 0.4826 -0.6311 
48.2771 0.7415 0.4829 -0.6710 
48.3036 0.7048 0.4831 -0.7094 
48.3304 0.6658 0.4834 -0.7461 
48.3571 0.6250 0.4837 -0.7806 
48.3836 0.5828 0.4839 -0.8126 
48.4099 0.5393 0.4842 -0.8421 
48.4359 0.4947 0.4845 -0.8691 
48.4618 0.4491 0.4847 -0.8935 
48.4876 0.4025 0.4850 -0.9154 
48.5132 0.3551 0.4852 -0.9348 
48.5387 0.3070 0.4855 -0.9517 
48.5641 0.2583 0.4857 -0.9661 
48.5894 0.2091 0.4860 -0.9779 
48.6146 0.1595 0.4862 -0.9872 
48.6398 0.1096 0.4865 -0.9940 
48.6649 0.0595 0.4867 -0.9982 
48.6901 0.0093 0.4870 -1.0000 
48.7152 -0.0409 0.4873 -0.9992 
48.7403 -0.0910 0.4875 -0.9958 
48.7654 -0.1409 0.4878 -0.9900 
48.7905 -0.1905 0.4880 -0.9817 
48.8157 -0.2396 0.4883 -0.9709 
48.8409 -0.2883 0.4885 -0.9575 
48.8662 -0.3363 0.4888 -0.9417 
48.8915 -0.3836 0.4890 -0.9235 
48.9170 -0.4301 0.4893 -0.9028 
48.9426 -0.4757 0.4895 -0.8796 
48.9682 -0.5202 0.4898 -0.8540 
48.9941 -0.5636 0.4900 -0.8260 
49.0201 -0.6058 0.4903 -0.7956 
49.0462 -0.6466 0.4906 -0.7628 
49.0726 -0.6859 0.4908 -0.7277 
49.0993 -0.7237 0.4911 -0.6901 
49.1262 -0.7598 0.4914 -0.6502 
49.1528 -0.7933 0.4916 -0.6088 
49.1792 -0.8243 0.4919 -0.5661 
49.2054 -0.8528 0.4922 -0.5222 
49.2314 -0.8788 0.4924 -0.4772 
49.2572 -0.9023 0.4927 -0.4312 
49.2829 -0.9232 0.4929 -0.3843 
49.3084 -0.9417 0.4932 -0.3366 
49.3339 -0.9576 0.4934 -0.2882 
49.3592 -0.9709 0.4937 -0.2393 
49.3845 -0.9818 0.4939 -0.1899 
49.4097 -0.9901 0.4942 -0.1402 
49.4349 -0.9959 0.4944 -0.0902 
49.4601 -0.9992 0.4947 -0.0401 
49.4852 -0.9999 0.4950 0.0102 
49.5103 -0.9982 0.4952 0.0603 
49.5354 -0.9939 0.4955 0.1103 
49.5605 -0.9871 0.4957 0.1601 
49.5856 -0.9778 0.4960 0.2095 
49.6108 -0.9660 0.4962 0.2585 
49.6361 -0.9517 0.4965 0.3069 
49.6614 -0.9350 0.4967 0.3547 
49.6868 -0.9158 0.4970 0.4017 
49.7123 -0.8941 0.4972 0.4479 
49.7379 -0.8700 0.4975 0.4930 
49.7636 -0.8435 0.4977 0.5372 
49.7895 -0.8146 0.4980 0.5801 
49.8156 -0.7832 0.4983 0.6217 
49.8418 -0.7495 0.4985 0.6620 
49.8683 -0.7134 0.4988 0.7007 
49.8950 -0.6750 0.4991 0.7378 
49.9218 -0.6345 0.4993 0.7729 
49.9484 -0.5926 0.4996 0.8055 
49.9747 -0.5494 0.4998 0.8356 
50.0000 -0.5064 0.5001 0.8623 
