0.0000 1.0000 -4.0000 
0.0000 1.0000 -4.0000 
0.0002 1.0000 -4.0000 
0.0008 0.9998 -4.0000 
0.0039 0.9990 -4.0000 
0.0135 0.9968 -3.9997 
0.0254 0.9941 -3.9988 
0.0389 0.9913 -3.9973 
0.0535 0.9884 -3.9952 
0.0688 0.9857 -3.9924 
0.0847 0.9830 -3.9890 
0.1011 0.9804 -3.9850 
0.1181 0.9778 -3.9805 
0.1355 0.9754 -3.9755 
0.1536 0.9730 -3.9700 
0.1723 0.9706 -3.9640 
0.1917 0.9682 -3.9576 
0.2117 0.9658 -3.9506 
0.2332 0.9634 -3.9430 
0.2573 0.9607 -3.9343 
0.2841 0.9579 -3.9244 
0.3136 0.9548 -3.9134 
0.3463 0.9514 -3.9010 
0.3824 0.9478 -3.8872 
0.4223 0.9439 -3.8718 
0.4659 0.9397 -3.8550 
0.5129 0.9352 -3.8369 
0.5640 0.9303 -3.8173 
0.6200 0.9250 -3.7958 
0.6817 0.9193 -3.7723 
0.7503 0.9129 -3.7462 
0.8275 0.9058 -3.7172 
0.9153 0.8978 -3.6843 
1.0169 0.8887 -3.6467 
1.1366 0.8780 -3.6029 
1.2811 0.8652 -3.5507 
1.4611 0.8497 -3.4867 
1.6946 0.8298 -3.4054 
2.0109 0.8038 -3.2983 
2.3304 0.7782 -3.1935 
2.6599 0.7527 -3.0890 
3.0111 0.7265 -2.9813 
3.4155 0.6974 -2.8620 
3.7542 0.6740 -2.7657 
4.0929 0.6513 -2.6727 
4.4323 0.6293 -2.5826 
4.7557 0.6091 -2.4996 
5.0730 0.5899 -2.4208 
5.3912 0.5712 -2.3442 
5.7173 0.5527 -2.2682 
6.0615 0.5338 -2.1907 
6.4464 0.5135 -2.1071 
6.8838 0.4913 -2.0161 
7.1483 0.4783 -1.9629 
7.4129 0.4657 -1.9111 
7.7407 0.4505 -1.8489 
8.0599 0.4362 -1.7902 
8.3769 0.4225 -1.7338 
8.6982 0.4090 -1.6784 
9.0319 0.3955 -1.6228 
9.3922 0.3813 -1.5648 
9.8273 0.3649 -1.4975 
10.1572 0.3530 -1.4484 
10.4870 0.3414 -1.4009 
10.8196 0.3301 -1.3547 
11.1401 0.3196 -1.3115 
11.4570 0.3095 -1.2702 
11.7769 0.2997 -1.2298 
12.1074 0.2898 -1.1894 
12.4607 0.2797 -1.1477 
12.8717 0.2683 -1.1010 
13.1728 0.2603 -1.0680 
13.4740 0.2525 -1.0360 
13.8151 0.2439 -1.0009 
14.1399 0.2360 -0.9686 
14.4575 0.2286 -0.9381 
14.7752 0.2214 -0.9084 
15.0999 0.2142 -0.8791 
15.4410 0.2070 -0.8493 
15.8182 0.1992 -0.8176 
16.2590 0.1906 -0.7820 
16.5281 0.1854 -0.7610 
16.7971 0.1805 -0.7406 
17.1269 0.1746 -0.7163 
17.4469 0.1690 -0.6935 
17.7637 0.1637 -0.6717 
18.0841 0.1585 -0.6503 
18.4158 0.1532 -0.6289 
18.7717 0.1478 -0.6067 
19.1909 0.1417 -0.5815 
19.5364 0.1368 -0.5616 
19.8819 0.1322 -0.5423 
20.2165 0.1278 -0.5243 
20.5377 0.1237 -0.5075 
20.8546 0.1198 -0.4916 
21.1739 0.1160 -0.4759 
21.5032 0.1122 -0.4604 
21.8538 0.1083 -0.4444 
22.2561 0.1040 -0.4267 
22.6256 0.1002 -0.4110 
22.9227 0.0972 -0.3989 
23.1947 0.0946 -0.3881 
23.5107 0.0916 -0.3759 
23.8289 0.0887 -0.3640 
24.1462 0.0859 -0.3525 
24.4691 0.0831 -0.3412 
24.8065 0.0804 -0.3298 
25.1751 0.0774 -0.3177 
25.6400 0.0739 -0.3031 
25.9084 0.0719 -0.2950 
26.1769 0.0700 -0.2871 
26.5088 0.0677 -0.2777 
26.8298 0.0655 -0.2688 
27.1466 0.0634 -0.2603 
27.4662 0.0614 -0.2521 
27.7958 0.0594 -0.2438 
28.1473 0.0573 -0.2353 
28.5526 0.0550 -0.2259 
28.9161 0.0531 -0.2177 
29.2795 0.0511 -0.2099 
29.6162 0.0494 -0.2028 
29.9362 0.0479 -0.1964 
30.2532 0.0464 -0.1902 
30.5721 0.0449 -0.1842 
30.9002 0.0434 -0.1782 
31.2484 0.0419 -0.1720 
31.6300 0.0403 -0.1655 
31.9868 0.0389 -0.1597 
32.2929 0.0377 -0.1548 
32.5824 0.0366 -0.1503 
32.9063 0.0355 -0.1455 
33.2249 0.0343 -0.1409 
33.5420 0.0332 -0.1364 
33.8642 0.0322 -0.1321 
34.1997 0.0311 -0.1277 
34.5642 0.0300 -0.1231 
35.0110 0.0287 -0.1176 
35.2855 0.0279 -0.1144 
35.5599 0.0271 -0.1113 
35.8942 0.0262 -0.1076 
36.2162 0.0254 -0.1041 
36.5331 0.0246 -0.1009 
36.8520 0.0238 -0.0977 
37.1800 0.0230 -0.0945 
37.5279 0.0222 -0.0912 
37.9228 0.0214 -0.0876 
38.2946 0.0206 -0.0844 
38.6664 0.0198 -0.0813 
39.0058 0.0191 -0.0786 
39.3136 0.0186 -0.0762 
39.6202 0.0180 -0.0738 
39.9384 0.0174 -0.0715 
40.0000 0.0173 -0.0711 
