0.0000 0.0000 0.0000 0.0000 
0.0000 0.0000 0.0000 0.0000 
0.0000 0.0000 0.0000 0.0000 
0.0000 0.0000 0.0000 0.0000 
0.0002 0.0000 0.0000 0.0000 
0.0008 0.0000 0.0000 0.0000 
0.0038 0.0001 0.0000 0.0000 
0.0069 0.0005 0.0000 0.0001 
0.0101 0.0010 0.0000 0.0003 
0.0132 0.0017 0.0000 0.0005 
0.0167 0.0026 0.0000 0.0008 
0.0202 0.0038 0.0000 0.0011 
0.0238 0.0053 0.0000 0.0015 
0.0277 0.0071 0.0000 0.0020 
0.0319 0.0092 0.0000 0.0025 
0.0363 0.0118 0.0000 0.0032 
0.0409 0.0148 0.0000 0.0040 
0.0458 0.0182 0.0000 0.0048 
0.0509 0.0222 0.0000 0.0058 
0.0562 0.0266 0.0000 0.0069 
0.0618 0.0317 0.0000 0.0080 
0.0676 0.0372 0.0000 0.0093 
0.0736 0.0434 0.0000 0.0106 
0.0799 0.0502 0.0001 0.0120 
0.0863 0.0576 0.0001 0.0135 
0.0931 0.0656 0.0001 0.0150 
0.1000 0.0743 0.0001 0.0166 
0.1071 0.0836 0.0001 0.0182 
0.1145 0.0936 0.0001 0.0198 
0.1221 0.1042 0.0001 0.0213 
0.1299 0.1154 0.0001 0.0229 
0.1379 0.1273 0.0002 0.0244 
0.1462 0.1398 0.0002 0.0258 
0.1546 0.1529 0.0002 0.0272 
0.1632 0.1665 0.0002 0.0283 
0.1719 0.1805 0.0002 0.0294 
0.1807 0.1949 0.0003 0.0302 
0.1897 0.2098 0.0003 0.0309 
0.1988 0.2250 0.0003 0.0314 
0.2080 0.2407 0.0003 0.0316 
0.2174 0.2567 0.0004 0.0315 
0.2270 0.2731 0.0004 0.0312 
0.2367 0.2898 0.0004 0.0306 
0.2466 0.3068 0.0004 0.0296 
0.2566 0.3241 0.0005 0.0283 
0.2668 0.3418 0.0005 0.0266 
0.2773 0.3597 0.0005 0.0245 
0.2879 0.3778 0.0006 0.0220 
0.2989 0.3967 0.0006 0.0189 
0.3104 0.4161 0.0007 0.0153 
0.3220 0.4357 0.0007 0.0112 
0.3340 0.4555 0.0007 0.0064 
0.3461 0.4755 0.0008 0.0011 
0.3586 0.4956 0.0008 -0.0050 
0.3712 0.5158 0.0009 -0.0117 
0.3842 0.5361 0.0010 -0.0191 
0.3975 0.5564 0.0010 -0.0273 
0.4110 0.5768 0.0011 -0.0363 
0.4253 0.5977 0.0011 -0.0464 
0.4407 0.6196 0.0012 -0.0581 
0.4571 0.6423 0.0013 -0.0714 
0.4747 0.6657 0.0014 -0.0865 
0.4935 0.6895 0.0015 -0.1038 
0.5136 0.7138 0.0016 -0.1233 
0.5346 0.7377 0.0017 -0.1450 
0.5564 0.7609 0.0018 -0.1687 
0.5790 0.7831 0.0019 -0.1945 
0.6025 0.8041 0.0020 -0.2225 
0.6269 0.8238 0.0022 -0.2529 
0.6524 0.8418 0.0023 -0.2857 
0.6789 0.8579 0.0025 -0.3212 
0.7067 0.8717 0.0026 -0.3595 
0.7357 0.8828 0.0028 -0.4005 
0.7663 0.8907 0.0030 -0.4446 
0.7983 0.8949 0.0032 -0.4916 
0.8322 0.8947 0.0034 -0.5417 
0.8679 0.8894 0.0036 -0.5950 
0.9058 0.8782 0.0039 -0.6512 
0.9462 0.8599 0.0042 -0.7103 
0.9892 0.8334 0.0045 -0.7720 
1.0353 0.7974 0.0048 -0.8358 
1.0848 0.7500 0.0052 -0.9010 
1.1384 0.6895 0.0056 -0.9663 
1.1965 0.6136 0.0060 -1.0300 
1.2600 0.5200 0.0065 -1.0898 
1.3237 0.4163 0.0070 -1.1380 
1.3869 0.3055 0.0075 -1.1731 
1.4496 0.1895 0.0080 -1.1944 
1.5120 0.0704 0.0086 -1.2015 
1.5740 -0.0502 0.0091 -1.1943 
1.6358 -0.1706 0.0096 -1.1728 
1.6977 -0.2893 0.0101 -1.1370 
1.7599 -0.4047 0.0107 -1.0870 
1.8224 -0.5153 0.0112 -1.0230 
1.8855 -0.6196 0.0118 -0.9451 
1.9496 -0.7158 0.0124 -0.8538 
2.0148 -0.8025 0.0130 -0.7492 
2.0817 -0.8778 0.0136 -0.6314 
2.1474 -0.9370 0.0142 -0.5074 
2.2120 -0.9800 0.0148 -0.3792 
2.2758 -1.0070 0.0154 -0.2482 
2.3392 -1.0179 0.0160 -0.1161 
2.4023 -1.0130 0.0165 0.0157 
2.4654 -0.9923 0.0171 0.1454 
2.5286 -0.9561 0.0177 0.2717 
2.5921 -0.9046 0.0183 0.3929 
2.6563 -0.8382 0.0190 0.5074 
2.7213 -0.7571 0.0196 0.6137 
2.7875 -0.6617 0.0202 0.7100 
2.8549 -0.5529 0.0209 0.7941 
2.9207 -0.4371 0.0215 0.8614 
2.9855 -0.3161 0.0221 0.9121 
3.0495 -0.1915 0.0227 0.9462 
3.1129 -0.0651 0.0234 0.9640 
3.1760 0.0616 0.0240 0.9657 
3.2391 0.1870 0.0246 0.9513 
3.3022 0.3095 0.0252 0.9211 
3.3657 0.4276 0.0258 0.8754 
3.4297 0.5395 0.0265 0.8145 
3.4946 0.6437 0.0271 0.7387 
3.5605 0.7385 0.0277 0.6484 
3.6279 0.8220 0.0284 0.5439 
3.6940 0.8894 0.0291 0.4314 
3.7590 0.9403 0.0297 0.3132 
3.8231 0.9750 0.0303 0.1909 
3.8866 0.9935 0.0310 0.0664 
3.9498 0.9960 0.0316 -0.0589 
4.0128 0.9825 0.0322 -0.1833 
4.0760 0.9533 0.0328 -0.3051 
4.1394 0.9087 0.0335 -0.4229 
4.2033 0.8489 0.0341 -0.5349 
4.2679 0.7743 0.0347 -0.6396 
4.3336 0.6852 0.0354 -0.7352 
4.4007 0.5819 0.0361 -0.8200 
4.4671 0.4694 0.0367 -0.8896 
4.5323 0.3509 0.0374 -0.9427 
4.5965 0.2283 0.0380 -0.9797 
4.6601 0.1031 0.0386 -1.0005 
4.7233 -0.0231 0.0393 -1.0053 
4.7864 -0.1486 0.0399 -0.9943 
4.8495 -0.2718 0.0405 -0.9675 
4.9128 -0.3912 0.0412 -0.9252 
4.9766 -0.5051 0.0418 -0.8678 
5.0411 -0.6119 0.0424 -0.7955 
5.1066 -0.7100 0.0431 -0.7086 
5.1734 -0.7976 0.0438 -0.6076 
5.2401 -0.8708 0.0444 -0.4961 
5.3054 -0.9275 0.0451 -0.3783 
5.3698 -0.9680 0.0457 -0.2559 
5.4335 -0.9923 0.0464 -0.1308 
5.4968 -1.0005 0.0470 -0.0044 
5.5598 -0.9928 0.0476 0.1216 
5.6229 -0.9693 0.0482 0.2456 
5.6862 -0.9303 0.0489 0.3661 
5.7499 -0.8760 0.0495 0.4814 
5.8142 -0.8067 0.0502 0.5898 
5.8795 -0.7228 0.0508 0.6899 
5.9460 -0.6247 0.0515 0.7797 
6.0130 -0.5147 0.0521 0.8562 
6.0786 -0.3982 0.0528 0.9162 
6.1431 -0.2768 0.0534 0.9599 
6.2069 -0.1522 0.0541 0.9873 
6.2703 -0.0261 0.0547 0.9987 
6.3334 0.1000 0.0553 0.9941 
6.3964 0.2244 0.0560 0.9736 
6.4597 0.3455 0.0566 0.9376 
6.5233 0.4617 0.0572 0.8862 
6.5875 0.5715 0.0579 0.8198 
6.6525 0.6732 0.0585 0.7387 
6.7188 0.7650 0.0592 0.6433 
6.7861 0.8445 0.0599 0.5349 
6.8519 0.9074 0.0605 0.4195 
6.9166 0.9540 0.0612 0.2989 
6.9805 0.9844 0.0618 0.1748 
7.0439 0.9987 0.0624 0.0489 
7.1070 0.9970 0.0631 -0.0772 
7.1701 0.9794 0.0637 -0.2020 
7.2333 0.9462 0.0643 -0.3238 
7.2968 0.8976 0.0650 -0.4410 
7.3609 0.8339 0.0656 -0.5521 
7.4257 0.7555 0.0663 -0.6554 
7.4918 0.6627 0.0669 -0.7491 
7.5593 0.5558 0.0676 -0.8315 
7.6253 0.4415 0.0683 -0.8975 
7.6902 0.3217 0.0689 -0.9470 
7.7543 0.1981 0.0695 -0.9804 
7.8177 0.0724 0.0702 -0.9975 
7.8809 -0.0539 0.0708 -0.9987 
7.9440 -0.1790 0.0714 -0.9840 
8.0071 -0.3015 0.0721 -0.9536 
8.0705 -0.4197 0.0727 -0.9078 
8.1345 -0.5321 0.0733 -0.8468 
8.1992 -0.6369 0.0740 -0.7711 
8.2650 -0.7325 0.0747 -0.6808 
8.3322 -0.8172 0.0753 -0.5765 
8.3985 -0.8862 0.0760 -0.4634 
8.4636 -0.9388 0.0766 -0.3445 
8.5278 -0.9752 0.0773 -0.2215 
8.5913 -0.9954 0.0779 -0.0960 
8.6545 -0.9996 0.0785 0.0302 
8.7176 -0.9878 0.0792 0.1557 
8.7807 -0.9603 0.0798 0.2789 
8.8441 -0.9174 0.0804 0.3980 
8.9079 -0.8592 0.0811 0.5116 
8.9725 -0.7862 0.0817 0.6179 
9.0380 -0.6987 0.0824 0.7154 
9.1049 -0.5969 0.0830 0.8023 
9.1715 -0.4851 0.0837 0.8744 
9.2368 -0.3672 0.0844 0.9301 
9.3011 -0.2448 0.0850 0.9695 
9.3648 -0.1197 0.0856 0.9928 
9.4280 0.0065 0.0863 1.0000 
9.4911 0.1323 0.0869 0.9912 
9.5542 0.2559 0.0875 0.9667 
9.6175 0.3759 0.0882 0.9266 
9.6812 0.4907 0.0888 0.8713 
9.7456 0.5985 0.0895 0.8011 
9.8110 0.6978 0.0901 0.7162 
9.8776 0.7868 0.0908 0.6172 
9.9445 0.8621 0.0914 0.5068 
10.0099 0.9209 0.0921 0.3898 
10.0744 0.9634 0.0927 0.2682 
10.1382 0.9897 0.0934 0.1435 
10.2015 0.9998 0.0940 0.0173 
10.2646 0.9941 0.0946 -0.1086 
10.3277 0.9725 0.0953 -0.2328 
10.3909 0.9354 0.0959 -0.3537 
10.4545 0.8829 0.0965 -0.4695 
10.5188 0.8155 0.0972 -0.5788 
10.5839 0.7334 0.0978 -0.6798 
10.6503 0.6370 0.0985 -0.7709 
10.7175 0.5280 0.0992 -0.8493 
10.7832 0.4121 0.0998 -0.9111 
10.8478 0.2912 0.1005 -0.9567 
10.9117 0.1670 0.1011 -0.9860 
10.9751 0.0409 0.1018 -0.9992 
11.0382 -0.0852 0.1024 -0.9964 
11.1013 -0.2098 0.1030 -0.9777 
11.1645 -0.3314 0.1036 -0.9435 
11.2280 -0.4483 0.1043 -0.8939 
11.2921 -0.5589 0.1049 -0.8292 
11.3571 -0.6616 0.1056 -0.7498 
11.4232 -0.7547 0.1062 -0.6561 
11.4907 -0.8361 0.1069 -0.5485 
11.5566 -0.9010 0.1076 -0.4338 
11.6214 -0.9495 0.1082 -0.3137 
11.6854 -0.9818 0.1089 -0.1899 
11.7489 -0.9979 0.1095 -0.0641 
11.8120 -0.9981 0.1101 0.0621 
11.8751 -0.9823 0.1108 0.1871 
11.9383 -0.9509 0.1114 0.3094 
12.0017 -0.9041 0.1120 0.4273 
12.0657 -0.8422 0.1127 0.5392 
12.1305 -0.7655 0.1133 0.6435 
12.1964 -0.6743 0.1140 0.7384 
12.2637 -0.5691 0.1146 0.8223 
12.3299 -0.4555 0.1153 0.8902 
12.3949 -0.3363 0.1159 0.9418 
12.4590 -0.2131 0.1166 0.9770 
12.5226 -0.0875 0.1172 0.9962 
12.5858 0.0387 0.1179 0.9992 
12.6488 0.1641 0.1185 0.9864 
12.7119 0.2870 0.1191 0.9579 
12.7753 0.4058 0.1198 0.9139 
12.8392 0.5190 0.1204 0.8548 
12.9038 0.6248 0.1210 0.7808 
12.9694 0.7216 0.1217 0.6923 
13.0365 0.8077 0.1224 0.5896 
13.1029 0.8787 0.1230 0.4774 
13.1681 0.9333 0.1237 0.3591 
13.2324 0.9716 0.1243 0.2365 
13.2960 0.9938 0.1250 0.1112 
13.3593 0.9999 0.1256 -0.0150 
13.4223 0.9901 0.1262 -0.1407 
13.4854 0.9645 0.1269 -0.2642 
13.5488 0.9234 0.1275 -0.3839 
13.6125 0.8671 0.1281 -0.4982 
13.6770 0.7958 0.1288 -0.6055 
13.7424 0.7100 0.1294 -0.7042 
13.8091 0.6100 0.1301 -0.7924 
13.8759 0.4991 0.1308 -0.8665 
13.9413 0.3818 0.1314 -0.9242 
14.0057 0.2599 0.1321 -0.9656 
14.0694 0.1350 0.1327 -0.9908 
14.1327 0.0088 0.1333 -1.0000 
14.1958 -0.1171 0.1340 -0.9931 
14.2589 -0.2411 0.1346 -0.9705 
14.3222 -0.3616 0.1352 -0.9323 
14.3858 -0.4771 0.1359 -0.8789 
14.4501 -0.5859 0.1365 -0.8104 
14.5153 -0.6863 0.1372 -0.7273 
14.5818 -0.7766 0.1378 -0.6300 
14.6489 -0.8539 0.1385 -0.5205 
14.7145 -0.9147 0.1391 -0.4042 
14.7791 -0.9591 0.1398 -0.2831 
14.8429 -0.9873 0.1404 -0.1586 
14.9063 -0.9995 0.1411 -0.0326 
14.9694 -0.9956 0.1417 0.0935 
15.0324 -0.9759 0.1423 0.2180 
15.0957 -0.9407 0.1430 0.3393 
15.1592 -0.8901 0.1436 0.4559 
15.2234 -0.8244 0.1442 0.5660 
15.2884 -0.7440 0.1449 0.6681 
15.3546 -0.6493 0.1455 0.7605 
15.4220 -0.5413 0.1462 0.8408 
15.4878 -0.4261 0.1469 0.9047 
15.5526 -0.3058 0.1475 0.9521 
15.6166 -0.1818 0.1482 0.9833 
15.6800 -0.0559 0.1488 0.9984 
15.7431 0.0703 0.1494 0.9975 
15.8062 0.1952 0.1501 0.9808 
15.8694 0.3172 0.1507 0.9484 
15.9328 0.4347 0.1513 0.9006 
15.9969 0.5462 0.1520 0.8376 
16.0617 0.6499 0.1526 0.7600 
16.1277 0.7442 0.1533 0.6679 
16.1951 0.8273 0.1540 0.5618 
16.2612 0.8941 0.1546 0.4478 
16.3261 0.9446 0.1553 0.3282 
16.3902 0.9788 0.1559 0.2048 
16.4537 0.9969 0.1565 0.0792 
16.5169 0.9989 0.1572 -0.0471 
16.5800 0.9850 0.1578 -0.1724 
16.6431 0.9555 0.1584 -0.2950 
16.7065 0.9105 0.1591 -0.4135 
16.7704 0.8503 0.1597 -0.5262 
16.8351 0.7754 0.1604 -0.6315 
16.9008 0.6859 0.1610 -0.7277 
16.9680 0.5823 0.1617 -0.8129 
17.0343 0.4696 0.1623 -0.8829 
17.0995 0.3510 0.1630 -0.9364 
17.1637 0.2281 0.1636 -0.9736 
17.2273 0.1028 0.1643 -0.9947 
17.2905 -0.0235 0.1649 -0.9997 
17.3536 -0.1490 0.1655 -0.9888 
17.4167 -0.2723 0.1662 -0.9622 
17.4800 -0.3917 0.1668 -0.9201 
17.5438 -0.5056 0.1674 -0.8628 
17.6083 -0.6124 0.1681 -0.7905 
17.6738 -0.7104 0.1687 -0.7038 
17.7407 -0.7979 0.1694 -0.6028 
17.8073 -0.8709 0.1701 -0.4914 
17.8726 -0.9275 0.1707 -0.3737 
17.9370 -0.9678 0.1714 -0.2516 
18.0007 -0.9920 0.1720 -0.1266 
18.0640 -1.0000 0.1726 -0.0004 
18.1270 -0.9921 0.1733 0.1255 
18.1901 -0.9684 0.1739 0.2493 
18.2534 -0.9292 0.1745 0.3695 
18.3171 -0.8747 0.1752 0.4846 
18.3815 -0.8053 0.1758 0.5929 
18.4468 -0.7213 0.1765 0.6927 
18.5133 -0.6229 0.1771 0.7823 
18.5803 -0.5129 0.1778 0.8584 
18.6458 -0.3963 0.1785 0.9181 
18.7103 -0.2749 0.1791 0.9615 
18.7741 -0.1503 0.1797 0.9886 
18.8375 -0.0242 0.1804 0.9997 
18.9006 0.1018 0.1810 0.9948 
18.9636 0.2262 0.1816 0.9741 
19.0269 0.3472 0.1823 0.9378 
19.0905 0.4634 0.1829 0.8862 
19.1547 0.5731 0.1835 0.8195 
19.2198 0.6746 0.1842 0.7382 
19.2860 0.7662 0.1849 0.6425 
19.3533 0.8455 0.1855 0.5340 
19.4191 0.9082 0.1862 0.4184 
19.4838 0.9546 0.1868 0.2978 
19.5477 0.9848 0.1875 0.1736 
19.6111 0.9989 0.1881 0.0477 
19.6742 0.9969 0.1887 -0.0785 
19.7373 0.9791 0.1894 -0.2032 
19.8005 0.9457 0.1900 -0.3250 
19.8640 0.8969 0.1906 -0.4422 
19.9281 0.8330 0.1913 -0.5532 
19.9930 0.7544 0.1919 -0.6564 
20.0590 0.6614 0.1926 -0.7500 
20.1266 0.5543 0.1933 -0.8323 
20.1926 0.4399 0.1939 -0.8980 
20.2574 0.3201 0.1946 -0.9474 
20.3215 0.1965 0.1952 -0.9805 
20.3850 0.0707 0.1958 -0.9975 
20.4481 -0.0555 0.1965 -0.9985 
20.5112 -0.1807 0.1971 -0.9835 
20.5743 -0.3031 0.1977 -0.9530 
20.6378 -0.4213 0.1984 -0.9069 
20.7017 -0.5335 0.1990 -0.8458 
20.7665 -0.6382 0.1997 -0.7698 
20.8323 -0.7337 0.2003 -0.6794 
20.8995 -0.8182 0.2010 -0.5749 
20.9658 -0.8870 0.2017 -0.4617 
21.0308 -0.9394 0.2023 -0.3428 
21.0950 -0.9756 0.2029 -0.2197 
21.1586 -0.9955 0.2036 -0.0942 
21.2218 -0.9995 0.2042 0.0320 
21.2848 -0.9875 0.2048 0.1575 
21.3479 -0.9598 0.2055 0.2806 
21.4113 -0.9167 0.2061 0.3996 
21.4752 -0.8583 0.2068 0.5131 
21.5397 -0.7851 0.2074 0.6194 
21.6053 -0.6974 0.2081 0.7167 
21.6722 -0.5955 0.2087 0.8034 
21.7388 -0.4836 0.2094 0.8753 
21.8040 -0.3655 0.2100 0.9308 
21.8683 -0.2431 0.2107 0.9700 
21.9320 -0.1180 0.2113 0.9930 
21.9953 0.0082 0.2120 1.0000 
22.0583 0.1340 0.2126 0.9910 
22.1214 0.2576 0.2132 0.9662 
22.1847 0.3776 0.2138 0.9260 
22.2485 0.4922 0.2145 0.8705 
22.3129 0.6000 0.2151 0.8000 
22.3782 0.6991 0.2158 0.7150 
22.4449 0.7880 0.2164 0.6157 
22.5117 0.8630 0.2171 0.5052 
22.5772 0.9216 0.2178 0.3882 
22.6417 0.9638 0.2184 0.2665 
22.7054 0.9899 0.2191 0.1418 
22.7687 0.9999 0.2197 0.0156 
22.8318 0.9939 0.2203 -0.1103 
22.8949 0.9721 0.2209 -0.2345 
22.9581 0.9348 0.2216 -0.3553 
23.0218 0.8821 0.2222 -0.4711 
23.0861 0.8145 0.2229 -0.5802 
23.1512 0.7322 0.2235 -0.6811 
23.2176 0.6356 0.2242 -0.7721 
23.2847 0.5265 0.2248 -0.8502 
23.3504 0.4105 0.2255 -0.9118 
23.4151 0.2896 0.2262 -0.9572 
23.4789 0.1653 0.2268 -0.9862 
23.5423 0.0393 0.2274 -0.9992 
23.6054 -0.0869 0.2281 -0.9962 
23.6685 -0.2115 0.2287 -0.9774 
23.7317 -0.3330 0.2293 -0.9429 
23.7952 -0.4498 0.2300 -0.8931 
23.8594 -0.5604 0.2306 -0.8282 
23.9243 -0.6630 0.2312 -0.7487 
23.9904 -0.7559 0.2319 -0.6547 
24.0579 -0.8371 0.2326 -0.5471 
24.1239 -0.9018 0.2332 -0.4322 
24.1886 -0.9501 0.2339 -0.3121 
24.2526 -0.9821 0.2345 -0.1883 
24.3161 -0.9980 0.2352 -0.0625 
24.3792 -0.9980 0.2358 0.0638 
24.4423 -0.9820 0.2364 0.1888 
24.5055 -0.9504 0.2371 0.3110 
24.5689 -0.9034 0.2377 0.4288 
24.6329 -0.8413 0.2383 0.5406 
24.6977 -0.7644 0.2390 0.6448 
24.7636 -0.6730 0.2396 0.7396 
24.8310 -0.5676 0.2403 0.8233 
24.8971 -0.4540 0.2410 0.8910 
24.9621 -0.3347 0.2416 0.9423 
25.0262 -0.2114 0.2423 0.9774 
25.0898 -0.0858 0.2429 0.9963 
25.1530 0.0404 0.2435 0.9992 
25.2160 0.1658 0.2442 0.9862 
25.2791 0.2886 0.2448 0.9574 
25.3425 0.4074 0.2454 0.9133 
25.4064 0.5204 0.2461 0.8539 
25.4710 0.6262 0.2467 0.7797 
25.5367 0.7228 0.2474 0.6910 
25.6037 0.8087 0.2480 0.5882 
25.6702 0.8796 0.2487 0.4758 
25.7354 0.9339 0.2494 0.3574 
25.7996 0.9720 0.2500 0.2348 
25.8633 0.9940 0.2506 0.1095 
25.9265 0.9999 0.2513 -0.0167 
25.9896 0.9898 0.2519 -0.1424 
26.0527 0.9640 0.2525 -0.2658 
26.1160 0.9227 0.2532 -0.3855 
26.1798 0.8662 0.2538 -0.4997 
26.2442 0.7948 0.2544 -0.6069 
26.3097 0.7088 0.2551 -0.7054 
26.3764 0.6086 0.2558 -0.7935 
26.4432 0.4975 0.2564 -0.8674 
26.5085 0.3802 0.2571 -0.9249 
26.5730 0.2582 0.2577 -0.9661 
26.6367 0.1333 0.2584 -0.9911 
26.7000 0.0071 0.2590 -1.0000 
26.7631 -0.1188 0.2596 -0.9929 
26.8261 -0.2427 0.2603 -0.9701 
26.8894 -0.3632 0.2609 -0.9317 
26.9531 -0.4786 0.2615 -0.8780 
27.0174 -0.5873 0.2622 -0.8094 
27.0826 -0.6876 0.2628 -0.7261 
27.1491 -0.7778 0.2635 -0.6286 
27.2161 -0.8548 0.2642 -0.5190 
27.2817 -0.9154 0.2648 -0.4026 
27.3463 -0.9596 0.2655 -0.2814 
27.4101 -0.9876 0.2661 -0.1569 
27.4735 -0.9995 0.2667 -0.0309 
27.5366 -0.9955 0.2674 0.0952 
27.5997 -0.9756 0.2680 0.2196 
27.6629 -0.9401 0.2686 0.3409 
27.7265 -0.8893 0.2693 0.4574 
27.7906 -0.8234 0.2699 0.5674 
27.8557 -0.7429 0.2706 0.6694 
27.9219 -0.6480 0.2712 0.7617 
27.9892 -0.5398 0.2719 0.8418 
28.0551 -0.4246 0.2726 0.9054 
28.1198 -0.3042 0.2732 0.9526 
28.1838 -0.1802 0.2738 0.9836 
28.2472 -0.0543 0.2745 0.9985 
28.3103 0.0719 0.2751 0.9974 
28.3734 0.1968 0.2757 0.9804 
28.4366 0.3188 0.2764 0.9478 
28.5000 0.4363 0.2770 0.8998 
28.5641 0.5476 0.2776 0.8367 
28.6289 0.6512 0.2783 0.7589 
28.6949 0.7454 0.2789 0.6666 
28.7624 0.8283 0.2796 0.5603 
28.8285 0.8949 0.2803 0.4462 
28.8934 0.9452 0.2809 0.3266 
28.9575 0.9792 0.2816 0.2031 
29.0210 0.9970 0.2822 0.0775 
29.0841 0.9988 0.2828 -0.0488 
29.1472 0.9847 0.2835 -0.1740 
29.2103 0.9550 0.2841 -0.2967 
29.2737 0.9098 0.2847 -0.4151 
29.3377 0.8494 0.2854 -0.5277 
29.4024 0.7743 0.2860 -0.6329 
29.4681 0.6846 0.2867 -0.7289 
29.5352 0.5808 0.2874 -0.8140 
29.6016 0.4680 0.2880 -0.8837 
29.6667 0.3493 0.2887 -0.9370 
29.7309 0.2265 0.2893 -0.9740 
29.7945 0.1011 0.2899 -0.9949 
29.8577 -0.0252 0.2906 -0.9997 
29.9208 -0.1507 0.2912 -0.9886 
29.9839 -0.2740 0.2918 -0.9617 
30.0472 -0.3933 0.2925 -0.9194 
30.1111 -0.5071 0.2931 -0.8619 
30.1756 -0.6138 0.2938 -0.7894 
30.2411 -0.7117 0.2944 -0.7025 
30.3079 -0.7990 0.2951 -0.6013 
30.3746 -0.8718 0.2957 -0.4898 
30.4399 -0.9282 0.2964 -0.3721 
30.5042 -0.9683 0.2970 -0.2499 
30.5679 -0.9922 0.2977 -0.1249 
30.6312 -1.0000 0.2983 0.0014 
30.6943 -0.9919 0.2989 0.1272 
30.7574 -0.9680 0.2996 0.2510 
30.8207 -0.9286 0.3002 0.3711 
30.8844 -0.8739 0.3008 0.4861 
30.9487 -0.8042 0.3015 0.5943 
31.0140 -0.7200 0.3021 0.6940 
31.0806 -0.6215 0.3028 0.7834 
31.1475 -0.5114 0.3035 0.8593 
31.2131 -0.3947 0.3041 0.9188 
31.2776 -0.2732 0.3048 0.9620 
31.3414 -0.1486 0.3054 0.9889 
31.4047 -0.0225 0.3060 0.9997 
31.4678 0.1035 0.3067 0.9946 
31.5309 0.2278 0.3073 0.9737 
31.5941 0.3488 0.3079 0.9372 
31.6577 0.4649 0.3086 0.8853 
31.7219 0.5745 0.3092 0.8185 
31.7870 0.6759 0.3099 0.7370 
31.8533 0.7674 0.3105 0.6412 
31.9206 0.8464 0.3112 0.5325 
31.9863 0.9090 0.3119 0.4169 
32.0510 0.9551 0.3125 0.2961 
32.1149 0.9851 0.3131 0.1720 
32.1783 0.9989 0.3138 0.0460 
32.2414 0.9968 0.3144 -0.0801 
32.3045 0.9788 0.3150 -0.2049 
32.3677 0.9452 0.3157 -0.3266 
32.4312 0.8962 0.3163 -0.4437 
32.4953 0.8321 0.3170 -0.5547 
32.5602 0.7533 0.3176 -0.6577 
32.6263 0.6601 0.3183 -0.7512 
32.6938 0.5529 0.3189 -0.8333 
32.7598 0.4384 0.3196 -0.8988 
32.8247 0.3184 0.3202 -0.9479 
32.8887 0.1948 0.3209 -0.9808 
32.9522 0.0690 0.3215 -0.9976 
33.0153 -0.0572 0.3222 -0.9984 
33.0784 -0.1823 0.3228 -0.9832 
33.1415 -0.3047 0.3234 -0.9524 
33.2050 -0.4228 0.3240 -0.9062 
33.2690 -0.5350 0.3247 -0.8449 
33.3337 -0.6396 0.3253 -0.7687 
33.3995 -0.7349 0.3260 -0.6781 
33.4668 -0.8193 0.3267 -0.5734 
33.5330 -0.8878 0.3273 -0.4601 
33.5981 -0.9400 0.3280 -0.3411 
33.6622 -0.9759 0.3286 -0.2180 
33.7258 -0.9957 0.3293 -0.0925 
33.7890 -0.9994 0.3299 0.0337 
33.8521 -0.9872 0.3305 0.1592 
33.9152 -0.9594 0.3312 0.2822 
33.9785 -0.9160 0.3318 0.4012 
34.0424 -0.8574 0.3324 0.5146 
34.1070 -0.7840 0.3331 0.6208 
34.1726 -0.6961 0.3337 0.7180 
34.2395 -0.5940 0.3344 0.8045 
34.3061 -0.4820 0.3351 0.8762 
34.3713 -0.3639 0.3357 0.9314 
34.4356 -0.2414 0.3364 0.9704 
34.4992 -0.1163 0.3370 0.9932 
34.5625 0.0100 0.3376 1.0000 
34.6256 0.1357 0.3383 0.9908 
34.6887 0.2593 0.3389 0.9658 
34.7520 0.3792 0.3395 0.9253 
34.8157 0.4937 0.3402 0.8696 
34.8801 0.6014 0.3408 0.7990 
34.9455 0.7004 0.3415 0.7137 
35.0122 0.7891 0.3421 0.6143 
35.0790 0.8639 0.3428 0.5037 
35.1445 0.9223 0.3434 0.3866 
35.2089 0.9643 0.3441 0.2648 
35.2727 0.9901 0.3447 0.1400 
35.3360 0.9999 0.3454 0.0139 
35.3991 0.9937 0.3460 -0.1121 
35.4621 0.9717 0.3466 -0.2362 
35.5254 0.9341 0.3473 -0.3569 
35.5890 0.8813 0.3479 -0.4726 
35.6533 0.8134 0.3485 -0.5817 
35.7185 0.7309 0.3492 -0.6825 
35.7849 0.6341 0.3498 -0.7732 
35.8520 0.5249 0.3505 -0.8511 
35.9177 0.4089 0.3512 -0.9126 
35.9823 0.2879 0.3518 -0.9577 
36.0462 0.1636 0.3525 -0.9865 
36.1095 0.0376 0.3531 -0.9993 
36.1726 -0.0886 0.3537 -0.9961 
36.2357 -0.2131 0.3544 -0.9770 
36.2989 -0.3346 0.3550 -0.9424 
36.3625 -0.4514 0.3556 -0.8923 
36.4266 -0.5618 0.3563 -0.8273 
36.4916 -0.6643 0.3569 -0.7475 
36.5577 -0.7571 0.3576 -0.6533 
36.6252 -0.8380 0.3583 -0.5456 
36.6911 -0.9025 0.3589 -0.4307 
36.7559 -0.9506 0.3596 -0.3105 
36.8198 -0.9824 0.3602 -0.1866 
36.8833 -0.9982 0.3608 -0.0608 
36.9464 -0.9979 0.3615 0.0654 
37.0095 -0.9817 0.3621 0.1904 
37.0727 -0.9499 0.3627 0.3126 
37.1361 -0.9027 0.3634 0.4303 
37.2001 -0.8404 0.3640 0.5420 
37.2649 -0.7633 0.3646 0.6461 
37.3308 -0.6717 0.3653 0.7408 
37.3982 -0.5661 0.3660 0.8243 
37.4644 -0.4524 0.3666 0.8918 
37.5294 -0.3330 0.3673 0.9429 
37.5935 -0.2097 0.3679 0.9778 
37.6570 -0.0841 0.3686 0.9965 
37.7202 0.0421 0.3692 0.9991 
37.7832 0.1675 0.3698 0.9859 
37.8464 0.2903 0.3705 0.9569 
37.9098 0.4090 0.3711 0.9126 
37.9737 0.5219 0.3717 0.8530 
38.0383 0.6275 0.3724 0.7786 
38.1040 0.7241 0.3730 0.6897 
38.1710 0.8098 0.3737 0.5867 
38.2375 0.8804 0.3744 0.4742 
38.3026 0.9346 0.3750 0.3558 
38.3669 0.9725 0.3757 0.2331 
38.4305 0.9942 0.3763 0.1078 
38.4937 0.9998 0.3769 -0.0184 
38.5568 0.9896 0.3776 -0.1441 
38.6199 0.9636 0.3782 -0.2675 
38.6832 0.9221 0.3788 -0.3870 
38.7470 0.8653 0.3795 -0.5012 
38.8115 0.7937 0.3801 -0.6083 
38.8769 0.7075 0.3808 -0.7067 
38.9437 0.6071 0.3814 -0.7946 
39.0104 0.4960 0.3821 -0.8683 
39.0758 0.3786 0.3828 -0.9256 
39.1402 0.2565 0.3834 -0.9665 
39.2039 0.1316 0.3840 -0.9913 
39.2672 0.0054 0.3847 -1.0000 
39.3303 -0.1205 0.3853 -0.9927 
39.3934 -0.2444 0.3859 -0.9697 
39.4566 -0.3648 0.3866 -0.9311 
39.5203 -0.4801 0.3872 -0.8772 
39.5846 -0.5887 0.3878 -0.8084 
39.6499 -0.6889 0.3885 -0.7249 
39.7164 -0.7789 0.3892 -0.6271 
39.7834 -0.8557 0.3898 -0.5174 
39.8490 -0.9161 0.3905 -0.4010 
39.9135 -0.9601 0.3911 -0.2798 
39.9774 -0.9879 0.3918 -0.1553 
40.0407 -0.9996 0.3924 -0.0292 
40.1038 -0.9953 0.3930 0.0969 
40.1669 -0.9752 0.3937 0.2213 
40.2301 -0.9395 0.3943 0.3425 
40.2937 -0.8885 0.3949 0.4589 
40.3579 -0.8224 0.3956 0.5689 
40.4229 -0.7417 0.3962 0.6707 
40.4891 -0.6466 0.3969 0.7628 
40.5565 -0.5383 0.3976 0.8427 
40.6223 -0.4230 0.3982 0.9061 
40.6870 -0.3025 0.3989 0.9531 
40.7510 -0.1785 0.3995 0.9839 
40.8144 -0.0526 0.4001 0.9986 
40.8775 0.0736 0.4008 0.9973 
40.9406 0.1984 0.4014 0.9801 
41.0038 0.3204 0.4020 0.9473 
41.0673 0.4378 0.4027 0.8991 
41.1313 0.5490 0.4033 0.8358 
41.1962 0.6525 0.4040 0.7577 
41.2622 0.7466 0.4046 0.6653 
41.3296 0.8293 0.4053 0.5588 
41.3957 0.8957 0.4060 0.4446 
41.4606 0.9457 0.4066 0.3249 
41.5247 0.9795 0.4072 0.2014 
41.5882 0.9971 0.4079 0.0758 
41.6514 0.9987 0.4085 -0.0505 
41.7144 0.9844 0.4091 -0.1757 
41.7775 0.9545 0.4098 -0.2983 
41.8410 0.9091 0.4104 -0.4166 
41.9049 0.8485 0.4110 -0.5292 
41.9696 0.7732 0.4117 -0.6342 
42.0354 0.6833 0.4124 -0.7301 
42.1025 0.5794 0.4130 -0.8151 
42.1689 0.4664 0.4137 -0.8846 
42.2340 0.3477 0.4143 -0.9376 
42.2982 0.2248 0.4150 -0.9744 
42.3617 0.0993 0.4156 -0.9951 
42.4250 -0.0269 0.4162 -0.9996 
42.4880 -0.1524 0.4169 -0.9883 
42.5511 -0.2756 0.4175 -0.9613 
42.6145 -0.3949 0.4181 -0.9187 
42.6783 -0.5086 0.4188 -0.8610 
42.7428 -0.6152 0.4194 -0.7884 
42.8084 -0.7130 0.4201 -0.7012 
42.8752 -0.8001 0.4208 -0.5999 
42.9419 -0.8727 0.4214 -0.4883 
43.0071 -0.9289 0.4221 -0.3705 
43.0715 -0.9687 0.4227 -0.2482 
43.1352 -0.9924 0.4234 -0.1231 
43.1984 -1.0000 0.4240 0.0031 
43.2615 -0.9917 0.4246 0.1289 
43.3246 -0.9676 0.4252 0.2526 
43.3879 -0.9279 0.4259 0.3728 
43.4516 -0.8730 0.4265 0.4877 
43.5160 -0.8032 0.4272 0.5957 
43.5813 -0.7187 0.4278 0.6953 
43.6479 -0.6201 0.4285 0.7846 
43.7148 -0.5098 0.4291 0.8603 
43.7803 -0.3931 0.4298 0.9195 
43.8448 -0.2715 0.4304 0.9624 
43.9086 -0.1469 0.4311 0.9892 
43.9719 -0.0207 0.4317 0.9998 
44.0350 0.1053 0.4324 0.9944 
44.0981 0.2295 0.4330 0.9733 
44.1613 0.3505 0.4336 0.9366 
44.2249 0.4665 0.4342 0.8845 
44.2892 0.5759 0.4349 0.8175 
44.3543 0.6772 0.4355 0.7358 
44.4206 0.7686 0.4362 0.6397 
44.4878 0.8474 0.4369 0.5310 
44.5536 0.9097 0.4375 0.4153 
44.6182 0.9557 0.4382 0.2945 
44.6821 0.9854 0.4388 0.1703 
44.7455 0.9990 0.4395 0.0443 
44.8087 0.9966 0.4401 -0.0818 
44.8717 0.9784 0.4407 -0.2065 
44.9349 0.9446 0.4413 -0.3282 
44.9984 0.8954 0.4420 -0.4453 
45.0625 0.8311 0.4426 -0.5561 
45.1275 0.7521 0.4433 -0.6590 
45.1935 0.6587 0.4439 -0.7524 
45.2611 0.5514 0.4446 -0.8342 
45.3271 0.4368 0.4453 -0.8995 
45.3919 0.3169 0.4459 -0.9485 
45.4559 0.1931 0.4466 -0.9812 
45.5194 0.0674 0.4472 -0.9977 
45.5825 -0.0589 0.4478 -0.9983 
45.6456 -0.1839 0.4485 -0.9829 
45.7087 -0.3063 0.4491 -0.9519 
45.7722 -0.4243 0.4497 -0.9055 
45.8362 -0.5364 0.4504 -0.8440 
45.9009 -0.6409 0.4510 -0.7676 
45.9668 -0.7361 0.4517 -0.6769 
46.0340 -0.8203 0.4523 -0.5720 
46.1003 -0.8886 0.4530 -0.4586 
46.1653 -0.9406 0.4537 -0.3395 
46.2295 -0.9763 0.4543 -0.2164 
46.2930 -0.9959 0.4549 -0.0908 
46.3562 -0.9994 0.4556 0.0354 
46.4193 -0.9870 0.4562 0.1608 
46.4824 -0.9589 0.4568 0.2838 
46.5458 -0.9153 0.4575 0.4028 
46.6096 -0.8565 0.4581 0.5161 
46.6742 -0.7829 0.4587 0.6221 
46.7398 -0.6948 0.4594 0.7192 
46.8068 -0.5925 0.4601 0.8056 
46.8733 -0.4804 0.4607 0.8770 
46.9385 -0.3623 0.4614 0.9321 
47.0028 -0.2398 0.4620 0.9708 
47.0665 -0.1146 0.4627 0.9934 
47.1297 0.0117 0.4633 0.9999 
47.1928 0.1374 0.4639 0.9905 
47.2559 0.2609 0.4646 0.9654 
47.3192 0.3807 0.4652 0.9247 
47.3829 0.4952 0.4658 0.8688 
47.4474 0.6028 0.4665 0.7979 
47.5128 0.7017 0.4671 0.7125 
47.5795 0.7902 0.4678 0.6128 
47.6463 0.8648 0.4685 0.5021 
47.7117 0.9229 0.4691 0.3850 
47.7761 0.9647 0.4698 0.2632 
47.8399 0.9904 0.4704 0.1384 
47.9032 0.9999 0.4710 0.0122 
47.9663 0.9935 0.4717 -0.1137 
48.0293 0.9713 0.4723 -0.2378 
48.0926 0.9335 0.4729 -0.3585 
48.1563 0.8805 0.4736 -0.4741 
48.2205 0.8124 0.4742 -0.5831 
48.2857 0.7297 0.4749 -0.6837 
48.3521 0.6327 0.4755 -0.7744 
48.4192 0.5234 0.4762 -0.8521 
48.4849 0.4074 0.4768 -0.9133 
48.5495 0.2863 0.4775 -0.9581 
48.6134 0.1619 0.4781 -0.9868 
48.6767 0.0359 0.4788 -0.9994 
48.7399 -0.0902 0.4794 -0.9959 
48.8029 -0.2148 0.4800 -0.9767 
48.8661 -0.3362 0.4807 -0.9418 
48.9297 -0.4529 0.4813 -0.8916 
48.9938 -0.5632 0.4819 -0.8263 
49.0588 -0.6656 0.4826 -0.7463 
49.1250 -0.7582 0.4832 -0.6520 
49.1924 -0.8390 0.4839 -0.5442 
49.2583 -0.9032 0.4846 -0.4292 
49.3231 -0.9511 0.4852 -0.3089 
49.3870 -0.9827 0.4859 -0.1850 
49.4505 -0.9982 0.4865 -0.0592 
49.5136 -0.9978 0.4871 0.0670 
49.5767 -0.9814 0.4878 0.1920 
49.6398 -0.9494 0.4884 0.3141 
49.7033 -0.9020 0.4890 0.4318 
49.7673 -0.8395 0.4897 0.5434 
49.8322 -0.7622 0.4903 0.6474 
49.8981 -0.6705 0.4910 0.7420 
49.9655 -0.5647 0.4917 0.8253 
50.0316 -0.4508 0.4923 0.8926 
50.0966 -0.3314 0.4930 0.9435 
50.1607 -0.2081 0.4936 0.9781 
50.2242 -0.0825 0.4942 0.9966 
50.2874 0.0438 0.4949 0.9990 
50.3504 0.1691 0.4955 0.9856 
50.4136 0.2919 0.4961 0.9565 
50.4770 0.4105 0.4968 0.9119 
50.5409 0.5234 0.4974 0.8521 
50.6055 0.6289 0.4981 0.7775 
50.6712 0.7253 0.4987 0.6885 
50.7383 0.8109 0.4994 0.5852 
50.8047 0.8812 0.5000 0.4727 
50.8699 0.9352 0.5007 0.3542 
50.9341 0.9728 0.5013 0.2314 
50.9977 0.9944 0.5020 0.1061 
51.0609 0.9998 0.5026 -0.0201 
51.1240 0.9893 0.5032 -0.1457 
51.1871 0.9631 0.5039 -0.2691 
51.2504 0.9214 0.5045 -0.3886 
51.3142 0.8645 0.5051 -0.5027 
51.3787 0.7926 0.5058 -0.6097 
51.4442 0.7063 0.5064 -0.7080 
51.5110 0.6057 0.5071 -0.7957 
51.5777 0.4945 0.5078 -0.8692 
51.6430 0.3769 0.5084 -0.9262 
51.7074 0.2549 0.5091 -0.9670 
51.7711 0.1299 0.5097 -0.9915 
51.8344 0.0037 0.5103 -1.0000 
51.8975 -0.1221 0.5110 -0.9925 
51.9606 -0.2460 0.5116 -0.9693 
52.0238 -0.3664 0.5122 -0.9305 
52.0875 -0.4816 0.5129 -0.8764 
52.1519 -0.5901 0.5135 -0.8073 
52.2171 -0.6901 0.5142 -0.7237 
52.2836 -0.7800 0.5148 -0.6257 
52.3506 -0.8566 0.5155 -0.5159 
52.4162 -0.9167 0.5162 -0.3995 
52.4808 -0.9605 0.5168 -0.2781 
52.5446 -0.9881 0.5174 -0.1536 
52.6079 -0.9996 0.5181 -0.0275 
52.6710 -0.9951 0.5187 0.0985 
52.7341 -0.9748 0.5193 0.2229 
52.7973 -0.9389 0.5200 0.3441 
52.8609 -0.8877 0.5206 0.4604 
52.9251 -0.8215 0.5213 0.5703 
52.9902 -0.7405 0.5219 0.6720 
53.0564 -0.6453 0.5226 0.7640 
53.1237 -0.5369 0.5232 0.8437 
53.1895 -0.4215 0.5239 0.9068 
53.2542 -0.3009 0.5245 0.9536 
53.3182 -0.1769 0.5252 0.9842 
53.3816 -0.0510 0.5258 0.9987 
53.4447 0.0752 0.5264 0.9972 
53.5078 0.2000 0.5271 0.9798 
53.5709 0.3219 0.5277 0.9468 
53.6345 0.4392 0.5283 0.8984 
53.6985 0.5504 0.5290 0.8349 
53.7634 0.6538 0.5296 0.7566 
53.8294 0.7477 0.5303 0.6640 
53.8969 0.8303 0.5310 0.5573 
53.9630 0.8965 0.5316 0.4431 
54.0279 0.9463 0.5323 0.3233 
54.0919 0.9798 0.5329 0.1998 
54.1554 0.9973 0.5336 0.0741 
54.2186 0.9986 0.5342 -0.0522 
54.2816 0.9841 0.5348 -0.1774 
54.3448 0.9540 0.5354 -0.2999 
54.4082 0.9084 0.5361 -0.4182 
54.4721 0.8476 0.5367 -0.5306 
54.5368 0.7720 0.5374 -0.6356 
54.6026 0.6820 0.5380 -0.7313 
54.6698 0.5779 0.5387 -0.8161 
54.7361 0.4649 0.5394 -0.8854 
54.8012 0.3460 0.5400 -0.9382 
54.8654 0.2231 0.5407 -0.9748 
54.9290 0.0976 0.5413 -0.9952 
54.9922 -0.0286 0.5419 -0.9996 
55.0552 -0.1541 0.5426 -0.9881 
55.1184 -0.2773 0.5432 -0.9608 
55.1817 -0.3965 0.5438 -0.9180 
55.2455 -0.5101 0.5445 -0.8601 
55.3101 -0.6166 0.5451 -0.7873 
55.3756 -0.7142 0.5458 -0.6999 
55.4425 -0.8012 0.5464 -0.5984 
55.5091 -0.8736 0.5471 -0.4867 
55.5744 -0.9295 0.5477 -0.3688 
55.6387 -0.9691 0.5484 -0.2465 
55.7024 -0.9926 0.5490 -0.1214 
55.7657 -1.0000 0.5497 0.0048 
55.8287 -0.9914 0.5503 0.1306 
55.8918 -0.9671 0.5509 0.2543 
55.9551 -0.9273 0.5516 0.3744 
56.0188 -0.8722 0.5522 0.4892 
56.0832 -0.8021 0.5528 0.5971 
56.1486 -0.7175 0.5535 0.6966 
56.2152 -0.6186 0.5542 0.7857 
56.2821 -0.5083 0.5548 0.8612 
56.3476 -0.3915 0.5555 0.9202 
56.4120 -0.2699 0.5561 0.9629 
56.4758 -0.1452 0.5568 0.9894 
56.5392 -0.0190 0.5574 0.9998 
56.6022 0.1070 0.5580 0.9943 
56.6653 0.2312 0.5587 0.9729 
56.7286 0.3521 0.5593 0.9360 
56.7922 0.4680 0.5599 0.8837 
56.8564 0.5774 0.5606 0.8165 
56.9215 0.6785 0.5612 0.7346 
56.9879 0.7697 0.5619 0.6384 
57.0551 0.8483 0.5626 0.5295 
57.1208 0.9104 0.5632 0.4137 
57.1855 0.9562 0.5639 0.2928 
57.2494 0.9857 0.5645 0.1686 
57.3127 0.9991 0.5651 0.0426 
57.3759 0.9965 0.5658 -0.0835 
57.4389 0.9781 0.5664 -0.2082 
57.5021 0.9440 0.5670 -0.3298 
57.5657 0.8946 0.5677 -0.4468 
57.6298 0.8302 0.5683 -0.5575 
57.6947 0.7510 0.5689 -0.6603 
57.7608 0.6574 0.5696 -0.7535 
57.8283 0.5500 0.5703 -0.8352 
57.8943 0.4353 0.5709 -0.9003 
57.9591 0.3153 0.5716 -0.9490 
58.0231 0.1915 0.5722 -0.9815 
58.0866 0.0657 0.5729 -0.9978 
58.1497 -0.0605 0.5735 -0.9982 
58.2128 -0.1855 0.5741 -0.9826 
58.2759 -0.3078 0.5748 -0.9514 
58.3394 -0.4258 0.5754 -0.9048 
58.4034 -0.5378 0.5760 -0.8431 
58.4681 -0.6422 0.5767 -0.7665 
58.5340 -0.7373 0.5773 -0.6756 
58.6013 -0.8213 0.5780 -0.5705 
58.6675 -0.8894 0.5787 -0.4571 
58.7325 -0.9412 0.5793 -0.3379 
58.7967 -0.9767 0.5800 -0.2147 
58.8602 -0.9960 0.5806 -0.0892 
58.9234 -0.9993 0.5812 0.0371 
58.9865 -0.9867 0.5819 0.1625 
59.0496 -0.9584 0.5825 0.2854 
59.1130 -0.9146 0.5831 0.4043 
59.1768 -0.8557 0.5838 0.5175 
59.2414 -0.7819 0.5844 0.6235 
59.3071 -0.6935 0.5851 0.7204 
59.3741 -0.5911 0.5857 0.8066 
59.4406 -0.4789 0.5864 0.8779 
59.5058 -0.3607 0.5871 0.9327 
59.5700 -0.2381 0.5877 0.9712 
59.6337 -0.1129 0.5883 0.9936 
59.6969 0.0133 0.5890 0.9999 
59.7600 0.1390 0.5896 0.9903 
59.8231 0.2625 0.5902 0.9649 
59.8864 0.3823 0.5909 0.9240 
59.9502 0.4967 0.5915 0.8679 
60.0146 0.6042 0.5921 0.7969 
60.0800 0.7029 0.5928 0.7113 
60.1467 0.7913 0.5935 0.6114 
60.2135 0.8657 0.5941 0.5006 
60.2789 0.9236 0.5948 0.3834 
60.3434 0.9652 0.5954 0.2615 
60.4071 0.9906 0.5961 0.1367 
60.4704 0.9999 0.5967 0.0105 
60.5335 0.9933 0.5973 -0.1154 
60.5966 0.9709 0.5980 -0.2394 
60.6598 0.9329 0.5986 -0.3600 
60.7235 0.8797 0.5992 -0.4756 
60.7878 0.8114 0.5999 -0.5845 
60.8530 0.7285 0.6005 -0.6850 
60.9194 0.6314 0.6012 -0.7755 
60.9865 0.5220 0.6019 -0.8530 
61.0521 0.4058 0.6025 -0.9140 
61.1167 0.2847 0.6032 -0.9586 
61.1806 0.1603 0.6038 -0.9871 
61.2439 0.0342 0.6044 -0.9994 
61.3071 -0.0919 0.6051 -0.9958 
61.3701 -0.2164 0.6057 -0.9763 
61.4333 -0.3377 0.6063 -0.9412 
61.4969 -0.4544 0.6070 -0.8908 
61.5610 -0.5646 0.6076 -0.8254 
61.6260 -0.6669 0.6083 -0.7452 
61.6922 -0.7594 0.6089 -0.6507 
61.7596 -0.8399 0.6096 -0.5427 
61.8255 -0.9039 0.6103 -0.4277 
61.8903 -0.9516 0.6109 -0.3073 
61.9542 -0.9830 0.6115 -0.1834 
62.0177 -0.9983 0.6122 -0.0575 
62.0808 -0.9976 0.6128 0.0687 
62.1439 -0.9811 0.6134 0.1936 
62.2070 -0.9489 0.6141 0.3157 
62.2705 -0.9013 0.6147 0.4333 
62.3345 -0.8386 0.6153 0.5448 
62.3994 -0.7611 0.6160 0.6487 
62.4653 -0.6692 0.6167 0.7431 
62.5327 -0.5632 0.6173 0.8263 
62.5989 -0.4493 0.6180 0.8934 
62.6638 -0.3298 0.6186 0.9440 
62.7279 -0.2064 0.6193 0.9785 
62.7914 -0.0808 0.6199 0.9967 
62.8546 0.0454 0.6205 0.9990 
62.9176 0.1707 0.6212 0.9853 
62.9808 0.2934 0.6218 0.9560 
63.0442 0.4120 0.6224 0.9112 
63.1081 0.5248 0.6231 0.8512 
63.1727 0.6302 0.6237 0.7764 
63.2384 0.7265 0.6244 0.6872 
63.3056 0.8119 0.6251 0.5838 
63.3720 0.8821 0.6257 0.4711 
63.4371 0.9358 0.6264 0.3526 
63.5013 0.9732 0.6270 0.2298 
63.5649 0.9945 0.6276 0.1045 
63.6282 0.9998 0.6283 -0.0218 
63.6912 0.9891 0.6289 -0.1474 
63.7543 0.9627 0.6295 -0.2707 
63.8177 0.9207 0.6302 -0.3902 
63.8815 0.8636 0.6308 -0.5042 
63.9459 0.7916 0.6315 -0.6111 
64.0114 0.7050 0.6321 -0.7092 
64.0782 0.6042 0.6328 -0.7968 
64.1449 0.4929 0.6334 -0.8701 
64.2103 0.3753 0.6341 -0.9269 
64.2746 0.2532 0.6347 -0.9674 
64.3383 0.1283 0.6354 -0.9917 
64.4016 0.0020 0.6360 -1.0000 
64.4647 -0.1238 0.6366 -0.9923 
64.5278 -0.2477 0.6373 -0.9688 
64.5911 -0.3680 0.6379 -0.9298 
64.6548 -0.4831 0.6385 -0.8756 
64.7191 -0.5915 0.6392 -0.8063 
64.7844 -0.6914 0.6398 -0.7225 
64.8509 -0.7811 0.6405 -0.6243 
64.9179 -0.8575 0.6412 -0.5144 
64.9834 -0.9174 0.6418 -0.3979 
65.0480 -0.9610 0.6425 -0.2765 
65.1118 -0.9884 0.6431 -0.1519 
65.1751 -0.9997 0.6438 -0.0258 
65.2382 -0.9950 0.6444 0.1002 
65.3013 -0.9745 0.6450 0.2246 
65.3645 -0.9384 0.6456 0.3457 
65.4281 -0.8869 0.6463 0.4619 
65.4923 -0.8205 0.6469 0.5717 
65.5574 -0.7394 0.6476 0.6733 
65.6237 -0.6439 0.6482 0.7651 
65.6909 -0.5354 0.6489 0.8446 
65.7567 -0.4200 0.6496 0.9075 
65.8214 -0.2994 0.6502 0.9541 
65.8854 -0.1753 0.6509 0.9845 
65.9488 -0.0493 0.6515 0.9988 
66.0119 0.0768 0.6521 0.9970 
66.0750 0.2016 0.6527 0.9795 
66.1381 0.3235 0.6534 0.9462 
66.2017 0.4407 0.6540 0.8976 
66.2657 0.5518 0.6547 0.8340 
66.3306 0.6551 0.6553 0.7555 
66.3966 0.7489 0.6560 0.6627 
66.4642 0.8313 0.6566 0.5558 
66.5302 0.8973 0.6573 0.4415 
66.5951 0.9468 0.6580 0.3217 
66.6591 0.9802 0.6586 0.1981 
66.7226 0.9974 0.6592 0.0724 
66.7858 0.9985 0.6599 -0.0538 
66.8488 0.9838 0.6605 -0.1790 
66.9120 0.9535 0.6611 -0.3015 
66.9754 0.9077 0.6618 -0.4197 
67.0394 0.8467 0.6624 -0.5321 
67.1041 0.7709 0.6630 -0.6369 
67.1699 0.6807 0.6637 -0.7325 
67.2371 0.5764 0.6644 -0.8172 
67.3034 0.4633 0.6650 -0.8862 
67.3684 0.3444 0.6657 -0.9388 
67.4326 0.2214 0.6663 -0.9752 
67.4962 0.0959 0.6670 -0.9954 
67.5594 -0.0303 0.6676 -0.9995 
67.6225 -0.1558 0.6682 -0.9878 
67.6856 -0.2789 0.6689 -0.9603 
67.7489 -0.3981 0.6695 -0.9174 
67.8128 -0.5116 0.6701 -0.8592 
67.8773 -0.6180 0.6708 -0.7862 
67.9429 -0.7155 0.6714 -0.6986 
68.0098 -0.8023 0.6721 -0.5969 
68.0764 -0.8744 0.6728 -0.4851 
68.1416 -0.9301 0.6734 -0.3672 
68.2060 -0.9696 0.6741 -0.2448 
68.2696 -0.9928 0.6747 -0.1197 
68.3329 -1.0000 0.6753 0.0065 
68.3960 -0.9912 0.6760 0.1323 
68.4591 -0.9667 0.6766 0.2559 
68.5224 -0.9266 0.6772 0.3760 
68.5861 -0.8713 0.6779 0.4907 
68.6505 -0.8011 0.6785 0.5986 
68.7158 -0.7163 0.6792 0.6978 
68.7825 -0.6172 0.6798 0.7868 
68.8493 -0.5068 0.6805 0.8621 
68.9148 -0.3898 0.6811 0.9209 
68.9793 -0.2682 0.6818 0.9634 
69.0431 -0.1435 0.6824 0.9897 
69.1064 -0.0173 0.6831 0.9998 
69.1695 0.1086 0.6837 0.9941 
69.2325 0.2328 0.6843 0.9725 
69.2958 0.3537 0.6850 0.9354 
69.3594 0.4695 0.6856 0.8829 
69.4237 0.5788 0.6862 0.8155 
69.4888 0.6798 0.6869 0.7334 
69.5552 0.7709 0.6876 0.6370 
69.6223 0.8493 0.6882 0.5280 
69.6881 0.9111 0.6889 0.4121 
69.7527 0.9567 0.6895 0.2912 
69.8166 0.9860 0.6902 0.1669 
69.8800 0.9992 0.6908 0.0409 
69.9431 0.9964 0.6914 -0.0852 
70.0061 0.9777 0.6921 -0.2098 
70.0693 0.9435 0.6927 -0.3314 
70.1329 0.8939 0.6933 -0.4483 
70.1970 0.8292 0.6940 -0.5589 
70.2619 0.7498 0.6946 -0.6616 
70.3280 0.6561 0.6953 -0.7547 
70.3955 0.5485 0.6960 -0.8361 
70.4615 0.4338 0.6966 -0.9010 
70.5263 0.3137 0.6973 -0.9495 
70.5903 0.1899 0.6979 -0.9818 
70.6538 0.0641 0.6985 -0.9979 
70.7169 -0.0621 0.6992 -0.9981 
70.7800 -0.1872 0.6998 -0.9823 
70.8431 -0.3094 0.7004 -0.9509 
70.9066 -0.4273 0.7011 -0.9041 
70.9706 -0.5392 0.7017 -0.8422 
71.0354 -0.6435 0.7024 -0.7655 
71.1012 -0.7384 0.7030 -0.6743 
71.1686 -0.8223 0.7037 -0.5691 
71.2348 -0.8902 0.7043 -0.4555 
71.2998 -0.9418 0.7050 -0.3363 
71.3639 -0.9770 0.7056 -0.2131 
71.4274 -0.9962 0.7063 -0.0875 
71.4906 -0.9992 0.7069 0.0388 
71.5537 -0.9864 0.7075 0.1641 
71.6168 -0.9579 0.7082 0.2870 
71.6802 -0.9139 0.7088 0.4058 
71.7441 -0.8548 0.7094 0.5190 
71.8087 -0.7808 0.7101 0.6248 
71.8743 -0.6923 0.7107 0.7216 
71.9413 -0.5896 0.7114 0.8077 
72.0078 -0.4774 0.7121 0.8787 
72.0730 -0.3591 0.7127 0.9333 
72.1373 -0.2365 0.7134 0.9716 
72.2009 -0.1112 0.7140 0.9938 
72.2641 0.0150 0.7146 0.9999 
72.3272 0.1407 0.7153 0.9901 
72.3903 0.2642 0.7159 0.9645 
72.4536 0.3839 0.7165 0.9234 
72.5174 0.4982 0.7172 0.8671 
72.5818 0.6055 0.7178 0.7958 
72.6473 0.7042 0.7185 0.7100 
72.7140 0.7924 0.7191 0.6100 
72.7808 0.8666 0.7198 0.4991 
72.8462 0.9242 0.7205 0.3818 
72.9106 0.9656 0.7211 0.2599 
72.9743 0.9908 0.7217 0.1350 
73.0376 1.0000 0.7224 0.0088 
73.1007 0.9931 0.7230 -0.1171 
73.1638 0.9705 0.7236 -0.2411 
73.2270 0.9323 0.7243 -0.3616 
73.2907 0.8789 0.7249 -0.4771 
73.3550 0.8104 0.7256 -0.5859 
73.4202 0.7273 0.7262 -0.6863 
73.4867 0.6300 0.7269 -0.7766 
73.5537 0.5205 0.7275 -0.8539 
73.6194 0.4042 0.7282 -0.9147 
73.6839 0.2831 0.7288 -0.9591 
73.7478 0.1586 0.7295 -0.9873 
73.8111 0.0326 0.7301 -0.9995 
73.8743 -0.0935 0.7307 -0.9956 
73.9373 -0.2180 0.7314 -0.9759 
74.0005 -0.3393 0.7320 -0.9407 
74.0641 -0.4559 0.7326 -0.8900 
74.1283 -0.5660 0.7333 -0.8244 
74.1933 -0.6681 0.7339 -0.7440 
74.2595 -0.7605 0.7346 -0.6493 
74.3269 -0.8408 0.7353 -0.5413 
74.3927 -0.9047 0.7359 -0.4261 
74.4575 -0.9521 0.7366 -0.3057 
74.5214 -0.9833 0.7372 -0.1818 
74.5849 -0.9984 0.7378 -0.0559 
74.6480 -0.9975 0.7385 0.0703 
74.7110 -0.9808 0.7391 0.1952 
74.7742 -0.9484 0.7397 0.3172 
74.8377 -0.9005 0.7404 0.4348 
74.9017 -0.8376 0.7410 0.5462 
74.9666 -0.7600 0.7417 0.6499 
75.0325 -0.6679 0.7423 0.7442 
75.1000 -0.5617 0.7430 0.8273 
75.1661 -0.4478 0.7437 0.8941 
75.2310 -0.3282 0.7443 0.9446 
75.2951 -0.2048 0.7450 0.9788 
75.3586 -0.0791 0.7456 0.9969 
75.4218 0.0471 0.7462 0.9989 
75.4848 0.1724 0.7468 0.9850 
75.5480 0.2950 0.7475 0.9555 
75.6114 0.4135 0.7481 0.9105 
75.6753 0.5262 0.7488 0.8503 
75.7400 0.6315 0.7494 0.7754 
75.8057 0.7277 0.7501 0.6859 
75.8728 0.8130 0.7507 0.5823 
75.9392 0.8829 0.7514 0.4696 
76.0043 0.9364 0.7520 0.3510 
76.0685 0.9736 0.7527 0.2281 
76.1321 0.9947 0.7533 0.1028 
76.1954 0.9997 0.7540 -0.0235 
76.2584 0.9888 0.7546 -0.1490 
76.3215 0.9622 0.7552 -0.2723 
76.3849 0.9201 0.7558 -0.3917 
76.4487 0.8627 0.7565 -0.5056 
76.5132 0.7905 0.7571 -0.6124 
76.5787 0.7038 0.7578 -0.7104 
76.6455 0.6028 0.7585 -0.7979 
76.7122 0.4914 0.7591 -0.8709 
76.7775 0.3737 0.7598 -0.9275 
76.8419 0.2516 0.7604 -0.9678 
76.9056 0.1266 0.7611 -0.9920 
76.9688 0.0004 0.7617 -1.0000 
77.0319 -0.1255 0.7623 -0.9921 
77.0950 -0.2493 0.7629 -0.9684 
77.1583 -0.3695 0.7636 -0.9292 
77.2220 -0.4846 0.7642 -0.8747 
77.2863 -0.5929 0.7649 -0.8053 
77.3516 -0.6927 0.7655 -0.7212 
77.4182 -0.7823 0.7662 -0.6229 
77.4851 -0.8584 0.7669 -0.5129 
77.5507 -0.9181 0.7675 -0.3963 
77.6152 -0.9615 0.7682 -0.2749 
77.6790 -0.9886 0.7688 -0.1503 
77.7423 -0.9997 0.7694 -0.0242 
77.8054 -0.9948 0.7701 0.1019 
77.8685 -0.9741 0.7707 0.2262 
77.9317 -0.9378 0.7713 0.3472 
77.9953 -0.8861 0.7720 0.4634 
78.0595 -0.8195 0.7726 0.5731 
78.1246 -0.7382 0.7732 0.6746 
78.1909 -0.6425 0.7739 0.7663 
78.2582 -0.5340 0.7746 0.8455 
78.3240 -0.4184 0.7752 0.9082 
78.3886 -0.2978 0.7759 0.9546 
78.4526 -0.1736 0.7765 0.9848 
78.5160 -0.0477 0.7772 0.9989 
78.5791 0.0785 0.7778 0.9969 
78.6422 0.2032 0.7784 0.9791 
78.7053 0.3250 0.7791 0.9457 
78.7689 0.4422 0.7797 0.8969 
78.8329 0.5532 0.7803 0.8330 
78.8978 0.6564 0.7810 0.7544 
78.9639 0.7500 0.7816 0.6614 
79.0314 0.8323 0.7823 0.5543 
79.0975 0.8980 0.7830 0.4399 
79.1623 0.9474 0.7836 0.3201 
79.2263 0.9805 0.7843 0.1964 
79.2898 0.9975 0.7849 0.0707 
79.3530 0.9985 0.7855 -0.0555 
79.4160 0.9835 0.7862 -0.1807 
79.4792 0.9530 0.7868 -0.3031 
79.5426 0.9069 0.7874 -0.4213 
79.6066 0.8458 0.7881 -0.5335 
79.6713 0.7698 0.7887 -0.6382 
79.7371 0.6794 0.7894 -0.7337 
79.8044 0.5749 0.7900 -0.8182 
79.8706 0.4617 0.7907 -0.8870 
79.9357 0.3427 0.7914 -0.9394 
79.9999 0.2197 0.7920 -0.9756 
80.0634 0.0942 0.7926 -0.9956 
80.1266 -0.0320 0.7933 -0.9995 
80.1897 -0.1575 0.7939 -0.9875 
80.2528 -0.2806 0.7945 -0.9598 
80.3162 -0.3996 0.7952 -0.9167 
80.3800 -0.5131 0.7958 -0.8583 
80.4446 -0.6194 0.7964 -0.7851 
80.5102 -0.7167 0.7971 -0.6974 
80.5771 -0.8034 0.7978 -0.5954 
80.6437 -0.8753 0.7984 -0.4836 
80.7089 -0.9308 0.7991 -0.3655 
80.7732 -0.9700 0.7997 -0.2431 
80.8369 -0.9930 0.8004 -0.1180 
80.9001 -1.0000 0.8010 0.0082 
80.9632 -0.9910 0.8016 0.1340 
81.0263 -0.9662 0.8023 0.2576 
81.0896 -0.9260 0.8029 0.3776 
81.1533 -0.8705 0.8035 0.4922 
81.2177 -0.8000 0.8042 0.6000 
81.2831 -0.7150 0.8048 0.6991 
81.3498 -0.6157 0.8055 0.7880 
81.4166 -0.5052 0.8062 0.8630 
81.4821 -0.3882 0.8068 0.9216 
81.5465 -0.2665 0.8075 0.9638 
81.6103 -0.1418 0.8081 0.9899 
81.6736 -0.0156 0.8087 0.9999 
81.7367 0.1104 0.8094 0.9939 
81.7998 0.2345 0.8100 0.9721 
81.8630 0.3553 0.8106 0.9348 
81.9267 0.4711 0.8113 0.8821 
81.9909 0.5802 0.8119 0.8144 
82.0561 0.6811 0.8126 0.7321 
82.1224 0.7721 0.8132 0.6355 
82.1896 0.8502 0.8139 0.5264 
82.2553 0.9119 0.8146 0.4105 
82.3199 0.9572 0.8152 0.2896 
82.3838 0.9863 0.8158 0.1653 
82.4472 0.9992 0.8165 0.0392 
82.5103 0.9962 0.8171 -0.0869 
82.5734 0.9774 0.8177 -0.2115 
82.6366 0.9429 0.8184 -0.3330 
82.7001 0.8931 0.8190 -0.4498 
82.7642 0.8282 0.8196 -0.5604 
82.8292 0.7486 0.8203 -0.6630 
82.8953 0.6547 0.8210 -0.7559 
82.9628 0.5471 0.8216 -0.8371 
83.0287 0.4322 0.8223 -0.9018 
83.0935 0.3121 0.8229 -0.9501 
83.1575 0.1883 0.8236 -0.9821 
83.2210 0.0624 0.8242 -0.9980 
83.2841 -0.0638 0.8248 -0.9980 
83.3472 -0.1888 0.8255 -0.9820 
83.4103 -0.3110 0.8261 -0.9504 
83.4738 -0.4288 0.8267 -0.9034 
83.5378 -0.5406 0.8274 -0.8413 
83.6026 -0.6448 0.8280 -0.7644 
83.6685 -0.7396 0.8287 -0.6730 
83.7358 -0.8233 0.8294 -0.5676 
83.8020 -0.8910 0.8300 -0.4539 
83.8670 -0.9423 0.8307 -0.3346 
83.9311 -0.9774 0.8313 -0.2114 
83.9946 -0.9963 0.8319 -0.0858 
84.0578 -0.9992 0.8326 0.0404 
84.1209 -0.9862 0.8332 0.1658 
84.1840 -0.9574 0.8338 0.2886 
84.2474 -0.9132 0.8345 0.4074 
84.3113 -0.8539 0.8351 0.5204 
84.3759 -0.7797 0.8358 0.6262 
84.4416 -0.6910 0.8364 0.7229 
84.5086 -0.5882 0.8371 0.8088 
84.5751 -0.4758 0.8378 0.8796 
84.6402 -0.3574 0.8384 0.9339 
84.7045 -0.2348 0.8390 0.9720 
84.7681 -0.1095 0.8397 0.9940 
84.8314 0.0167 0.8403 0.9999 
84.8944 0.1424 0.8409 0.9898 
84.9575 0.2658 0.8416 0.9640 
85.0209 0.3855 0.8422 0.9227 
85.0846 0.4997 0.8428 0.8662 
85.1491 0.6069 0.8435 0.7948 
85.2145 0.7054 0.8441 0.7088 
85.2813 0.7935 0.8448 0.6086 
85.3480 0.8674 0.8455 0.4975 
85.4134 0.9249 0.8461 0.3802 
85.4778 0.9661 0.8468 0.2582 
85.5415 0.9911 0.8474 0.1333 
85.6048 1.0000 0.8480 0.0071 
85.6679 0.9929 0.8487 -0.1188 
85.7310 0.9701 0.8493 -0.2427 
85.7943 0.9317 0.8499 -0.3632 
85.8579 0.8780 0.8506 -0.4786 
85.9223 0.8094 0.8512 -0.5873 
85.9875 0.7261 0.8519 -0.6876 
86.0539 0.6286 0.8525 -0.7778 
86.1210 0.5189 0.8532 -0.8548 
86.1866 0.4026 0.8539 -0.9154 
86.2512 0.2814 0.8545 -0.9596 
86.3150 0.1569 0.8552 -0.9876 
86.3784 0.0309 0.8558 -0.9995 
86.4415 -0.0952 0.8564 -0.9955 
86.5045 -0.2197 0.8570 -0.9756 
86.5677 -0.3409 0.8577 -0.9401 
86.6313 -0.4574 0.8583 -0.8893 
86.6955 -0.5674 0.8590 -0.8234 
86.7605 -0.6694 0.8596 -0.7429 
86.8267 -0.7617 0.8603 -0.6480 
86.8941 -0.8418 0.8609 -0.5398 
86.9599 -0.9054 0.8616 -0.4246 
87.0247 -0.9526 0.8622 -0.3041 
87.0886 -0.9836 0.8629 -0.1801 
87.1521 -0.9985 0.8635 -0.0543 
87.2152 -0.9974 0.8642 0.0719 
87.2782 -0.9804 0.8648 0.1968 
87.3414 -0.9478 0.8654 0.3188 
87.4049 -0.8998 0.8660 0.4363 
87.4690 -0.8367 0.8667 0.5476 
87.5338 -0.7589 0.8673 0.6512 
87.5998 -0.6666 0.8680 0.7454 
87.6672 -0.5603 0.8687 0.8283 
87.7333 -0.4462 0.8693 0.8949 
87.7983 -0.3266 0.8700 0.9452 
87.8623 -0.2031 0.8706 0.9792 
87.9258 -0.0774 0.8713 0.9970 
87.9890 0.0488 0.8719 0.9988 
88.0521 0.1740 0.8725 0.9847 
88.1152 0.2967 0.8732 0.9550 
88.1786 0.4151 0.8738 0.9098 
88.2425 0.5277 0.8744 0.8494 
88.3072 0.6329 0.8751 0.7743 
88.3730 0.7289 0.8757 0.6846 
88.4401 0.8140 0.8764 0.5808 
88.5065 0.8837 0.8771 0.4680 
88.5716 0.9370 0.8777 0.3493 
88.6358 0.9740 0.8784 0.2264 
88.6994 0.9949 0.8790 0.1011 
88.7626 0.9997 0.8796 -0.0252 
88.8257 0.9886 0.8803 -0.1507 
88.8888 0.9617 0.8809 -0.2740 
88.9521 0.9194 0.8815 -0.3933 
89.0159 0.8619 0.8822 -0.5071 
89.0804 0.7894 0.8828 -0.6138 
89.1460 0.7025 0.8835 -0.7117 
89.2128 0.6013 0.8841 -0.7990 
89.2794 0.4898 0.8848 -0.8718 
89.3448 0.3721 0.8854 -0.9282 
89.4091 0.2499 0.8861 -0.9683 
89.4728 0.1249 0.8867 -0.9922 
89.5361 -0.0014 0.8874 -1.0000 
89.5991 -0.1272 0.8880 -0.9919 
89.6622 -0.2510 0.8886 -0.9680 
89.7255 -0.3712 0.8893 -0.9286 
89.7892 -0.4861 0.8899 -0.8739 
89.8536 -0.5943 0.8905 -0.8042 
89.9189 -0.6940 0.8912 -0.7200 
89.9855 -0.7834 0.8919 -0.6215 
90.0524 -0.8594 0.8925 -0.5114 
90.1179 -0.9188 0.8932 -0.3947 
90.1824 -0.9620 0.8938 -0.2732 
90.2462 -0.9889 0.8945 -0.1486 
90.3096 -0.9997 0.8951 -0.0224 
90.3727 -0.9946 0.8957 0.1036 
90.4357 -0.9737 0.8964 0.2279 
90.4990 -0.9372 0.8970 0.3488 
90.5626 -0.8853 0.8976 0.4649 
90.6268 -0.8185 0.8983 0.5745 
90.6919 -0.7370 0.8989 0.6759 
90.7582 -0.6411 0.8996 0.7674 
90.8254 -0.5325 0.9003 0.8465 
90.8912 -0.4168 0.9009 0.9090 
90.9559 -0.2961 0.9016 0.9552 
91.0198 -0.1720 0.9022 0.9851 
91.0832 -0.0460 0.9028 0.9989 
91.1463 0.0802 0.9035 0.9968 
91.2094 0.2049 0.9041 0.9788 
91.2726 0.3266 0.9047 0.9452 
91.3361 0.4437 0.9054 0.8962 
91.4002 0.5547 0.9060 0.8321 
91.4651 0.6577 0.9067 0.7533 
91.5311 0.7512 0.9073 0.6601 
91.5987 0.8333 0.9080 0.5529 
91.6647 0.8988 0.9086 0.4384 
91.7295 0.9479 0.9093 0.3184 
91.7936 0.9808 0.9099 0.1948 
91.8570 0.9976 0.9106 0.0690 
91.9202 0.9984 0.9112 -0.0572 
91.9833 0.9832 0.9118 -0.1823 
92.0464 0.9524 0.9125 -0.3047 
92.1099 0.9062 0.9131 -0.4228 
92.1738 0.8449 0.9137 -0.5350 
92.2386 0.7687 0.9144 -0.6396 
92.3044 0.6781 0.9150 -0.7349 
92.3717 0.5734 0.9157 -0.8193 
92.4379 0.4601 0.9164 -0.8878 
92.5029 0.3411 0.9170 -0.9400 
92.5671 0.2180 0.9177 -0.9759 
92.6307 0.0925 0.9183 -0.9957 
92.6939 -0.0338 0.9189 -0.9994 
92.7569 -0.1592 0.9196 -0.9872 
92.8200 -0.2822 0.9202 -0.9594 
92.8834 -0.4012 0.9208 -0.9160 
92.9473 -0.5146 0.9215 -0.8574 
93.0118 -0.6208 0.9221 -0.7840 
93.0774 -0.7180 0.9228 -0.6961 
93.1444 -0.8045 0.9234 -0.5940 
93.2109 -0.8762 0.9241 -0.4820 
93.2762 -0.9314 0.9248 -0.3639 
93.3405 -0.9704 0.9254 -0.2414 
93.4041 -0.9932 0.9260 -0.1163 
93.4674 -1.0000 0.9267 0.0100 
93.5304 -0.9908 0.9273 0.1357 
93.5935 -0.9658 0.9279 0.2593 
93.6568 -0.9253 0.9286 0.3792 
93.7206 -0.8696 0.9292 0.4938 
93.7850 -0.7990 0.9299 0.6014 
93.8504 -0.7137 0.9305 0.7004 
93.9170 -0.6143 0.9312 0.7891 
93.9839 -0.5036 0.9318 0.8639 
94.0493 -0.3866 0.9325 0.9223 
94.1138 -0.2648 0.9331 0.9643 
94.1775 -0.1400 0.9338 0.9901 
94.2408 -0.0139 0.9344 0.9999 
94.3039 0.1121 0.9350 0.9937 
94.3670 0.2362 0.9357 0.9717 
94.4303 0.3569 0.9363 0.9341 
94.4939 0.4726 0.9369 0.8813 
94.5582 0.5817 0.9376 0.8134 
94.6233 0.6825 0.9382 0.7309 
94.6897 0.7732 0.9389 0.6341 
94.7569 0.8511 0.9396 0.5249 
94.8225 0.9126 0.9402 0.4089 
94.8872 0.9577 0.9409 0.2879 
94.9510 0.9865 0.9415 0.1636 
95.0144 0.9993 0.9421 0.0375 
95.0775 0.9961 0.9428 -0.0886 
95.1406 0.9770 0.9434 -0.2131 
95.2038 0.9424 0.9440 -0.3346 
95.2673 0.8923 0.9447 -0.4514 
95.3315 0.8273 0.9453 -0.5618 
95.3964 0.7475 0.9460 -0.6643 
95.4626 0.6533 0.9466 -0.7571 
95.5300 0.5456 0.9473 -0.8381 
95.5959 0.4307 0.9480 -0.9025 
95.6607 0.3105 0.9486 -0.9506 
95.7247 0.1866 0.9492 -0.9824 
95.7882 0.0608 0.9499 -0.9982 
95.8513 -0.0654 0.9505 -0.9979 
95.9144 -0.1904 0.9511 -0.9817 
95.9775 -0.3126 0.9518 -0.9499 
96.0410 -0.4303 0.9524 -0.9027 
96.1050 -0.5420 0.9531 -0.8403 
96.1698 -0.6461 0.9537 -0.7632 
96.2357 -0.7408 0.9544 -0.6717 
96.3031 -0.8243 0.9550 -0.5661 
96.3693 -0.8918 0.9557 -0.4524 
96.4342 -0.9429 0.9563 -0.3330 
96.4983 -0.9778 0.9570 -0.2097 
96.5619 -0.9965 0.9576 -0.0841 
96.6251 -0.9991 0.9583 0.0421 
96.6881 -0.9859 0.9589 0.1675 
96.7512 -0.9569 0.9595 0.2903 
96.8146 -0.9126 0.9601 0.4090 
96.8785 -0.8530 0.9608 0.5219 
96.9432 -0.7786 0.9614 0.6275 
97.0088 -0.6897 0.9621 0.7241 
97.0759 -0.5867 0.9628 0.8098 
97.1423 -0.4742 0.9634 0.8804 
97.2075 -0.3558 0.9641 0.9346 
97.2717 -0.2331 0.9647 0.9725 
97.3354 -0.1078 0.9654 0.9942 
97.3986 0.0184 0.9660 0.9998 
97.4617 0.1441 0.9666 0.9896 
97.5248 0.2675 0.9672 0.9636 
97.5881 0.3871 0.9679 0.9221 
97.6519 0.5012 0.9685 0.8653 
97.7163 0.6083 0.9692 0.7937 
97.7818 0.7067 0.9698 0.7075 
97.8486 0.7946 0.9705 0.6071 
97.9153 0.8683 0.9712 0.4960 
97.9807 0.9256 0.9718 0.3785 
98.0451 0.9665 0.9725 0.2565 
98.1088 0.9913 0.9731 0.1316 
98.1721 1.0000 0.9737 0.0054 
98.2351 0.9927 0.9744 -0.1205 
98.2982 0.9697 0.9750 -0.2444 
98.3615 0.9311 0.9756 -0.3648 
98.4252 0.8772 0.9763 -0.4801 
98.4895 0.8083 0.9769 -0.5887 
98.5547 0.7249 0.9775 -0.6889 
98.6212 0.6271 0.9782 -0.7789 
98.6882 0.5174 0.9789 -0.8557 
98.7538 0.4010 0.9795 -0.9161 
98.8184 0.2797 0.9802 -0.9601 
98.8822 0.1552 0.9808 -0.9879 
98.9456 0.0292 0.9815 -0.9996 
99.0087 -0.0969 0.9821 -0.9953 
99.0717 -0.2213 0.9827 -0.9752 
99.1350 -0.3425 0.9833 -0.9395 
99.1986 -0.4589 0.9840 -0.8885 
99.2627 -0.5689 0.9846 -0.8224 
99.3278 -0.6708 0.9853 -0.7417 
99.3940 -0.7628 0.9859 -0.6466 
99.4613 -0.8427 0.9866 -0.5383 
99.5272 -0.9061 0.9873 -0.4230 
99.5919 -0.9531 0.9879 -0.3025 
99.6558 -0.9839 0.9886 -0.1785 
99.7193 -0.9986 0.9892 -0.0526 
99.7824 -0.9973 0.9898 0.0736 
99.8454 -0.9801 0.9905 0.1984 
99.9086 -0.9473 0.9911 0.3204 
99.9721 -0.8991 0.9917 0.4378 
100.0000 -0.8733 0.9920 0.4872 
