0.0000 1.0000 -4.0000 
0.0000 1.0000 -4.0000 
0.0002 1.0000 -4.0000 
0.0008 0.9998 -4.0000 
0.0039 0.9990 -4.0000 
0.0197 0.9949 -3.9992 
0.0986 0.9719 -3.9812 
0.2113 0.9320 -3.9170 
0.3393 0.8784 -3.7957 
0.4760 0.8133 -3.6179 
0.6179 0.7397 -3.3910 
0.7623 0.6605 -3.1256 
0.9085 0.5781 -2.8316 
1.0568 0.4943 -2.5168 
1.2079 0.4104 -2.1880 
1.3623 0.3279 -1.8519 
1.5207 0.2480 -1.5145 
1.6841 0.1719 -1.1818 
1.8536 0.1005 -0.8590 
2.0308 0.0350 -0.5511 
2.2182 -0.0237 -0.2628 
2.4200 -0.0750 0.0019 
2.6451 -0.1179 0.2401 
2.8725 -0.1470 0.4209 
3.1018 -0.1635 0.5464 
3.3354 -0.1690 0.6216 
3.5553 -0.1657 0.6504 
3.7822 -0.1554 0.6447 
4.0174 -0.1394 0.6090 
4.2607 -0.1193 0.5485 
4.5097 -0.0967 0.4705 
4.7656 -0.0732 0.3816 
5.0312 -0.0500 0.2874 
5.3060 -0.0284 0.1945 
5.5934 -0.0094 0.1076 
5.8987 0.0063 0.0308 
6.2081 0.0174 -0.0290 
6.5275 0.0244 -0.0715 
6.8699 0.0274 -0.0974 
7.2336 0.0267 -0.1063 
7.5739 0.0236 -0.1015 
7.8973 0.0193 -0.0890 
8.2146 0.0146 -0.0724 
8.5328 0.0099 -0.0541 
8.8589 0.0055 -0.0357 
9.2031 0.0017 -0.0184 
9.5782 -0.0014 -0.0032 
10.0102 -0.0036 0.0089 
10.3972 -0.0044 0.0150 
10.7368 -0.0045 0.0171 
11.0595 -0.0041 0.0171 
11.3766 -0.0035 0.0156 
11.6952 -0.0027 0.0131 
12.0221 -0.0019 0.0101 
12.3679 -0.0012 0.0069 
12.7573 -0.0004 0.0036 
13.2269 0.0002 0.0004 
13.6038 0.0006 -0.0013 
13.9390 0.0007 -0.0023 
14.2600 0.0007 -0.0027 
14.5769 0.0007 -0.0028 
14.8964 0.0006 -0.0026 
15.2259 0.0005 -0.0023 
15.5771 0.0003 -0.0018 
15.9814 0.0002 -0.0011 
16.3451 0.0001 -0.0006 
16.7088 -0.0000 -0.0002 
17.0458 -0.0001 0.0001 
17.3678 -0.0001 0.0003 
17.6848 -0.0001 0.0004 
18.0037 -0.0001 0.0005 
18.3317 -0.0001 0.0005 
18.6797 -0.0001 0.0004 
19.0749 -0.0001 0.0003 
19.4446 -0.0000 0.0002 
19.8143 -0.0000 0.0001 
20.1538 -0.0000 0.0001 
20.4768 0.0000 0.0000 
20.7939 0.0000 -0.0000 
21.1123 0.0000 -0.0001 
21.4390 0.0000 -0.0001 
21.7842 0.0000 -0.0001 
22.1719 0.0000 -0.0001 
22.5482 0.0000 -0.0001 
22.9246 0.0000 -0.0000 
23.2666 0.0000 -0.0000 
23.5905 0.0000 -0.0000 
23.9078 -0.0000 -0.0000 
24.2259 -0.0000 0.0000 
24.5515 -0.0000 0.0000 
24.8944 -0.0000 0.0000 
25.2764 -0.0000 0.0000 
25.6591 -0.0000 0.0000 
26.0418 -0.0000 0.0000 
26.3858 -0.0000 0.0000 
26.7105 -0.0000 0.0000 
27.0281 -0.0000 0.0000 
27.3459 -0.0000 0.0000 
27.6707 0.0000 0.0000 
28.0120 0.0000 -0.0000 
28.3900 0.0000 -0.0000 
28.7780 0.0000 -0.0000 
29.1660 0.0000 -0.0000 
29.5116 0.0000 -0.0000 
29.8369 0.0000 -0.0000 
30.1546 0.0000 -0.0000 
30.4722 0.0000 -0.0000 
30.7966 0.0000 -0.0000 
31.1368 0.0000 -0.0000 
31.5121 -0.0000 0.0000 
31.9041 -0.0000 0.0000 
32.2961 -0.0000 0.0000 
32.6429 -0.0000 0.0000 
32.9685 -0.0000 0.0000 
33.2863 -0.0000 0.0000 
33.6039 -0.0000 0.0000 
33.9279 -0.0000 0.0000 
34.2674 -0.0000 0.0000 
34.6411 -0.0000 0.0000 
35.0358 0.0000 0.0000 
35.4306 0.0000 -0.0000 
35.7780 0.0000 -0.0000 
36.1039 0.0000 -0.0000 
36.4218 0.0000 -0.0000 
36.7393 0.0000 -0.0000 
37.0631 0.0000 -0.0000 
37.4022 0.0000 -0.0000 
37.7749 0.0000 -0.0000 
38.1714 0.0000 -0.0000 
38.5679 -0.0000 -0.0000 
38.9158 -0.0000 0.0000 
39.2418 -0.0000 0.0000 
39.5598 -0.0000 0.0000 
39.8772 -0.0000 0.0000 
40.0000 -0.0000 0.0000 
