0.0000 0.0000 0.0000 
0.0000 0.0000 -0.0000 
0.0001 0.0000 -0.0000 
0.0006 0.0000 -0.0000 
0.0031 0.0000 -0.0000 
0.0105 0.0001 -0.0000 
0.0179 0.0004 -0.0000 
0.0271 0.0008 -0.0001 
0.0381 0.0016 -0.0002 
0.0502 0.0027 -0.0004 
0.0626 0.0040 -0.0007 
0.0752 0.0056 -0.0012 
0.0886 0.0075 -0.0019 
0.1037 0.0098 -0.0029 
0.1206 0.0127 -0.0044 
0.1394 0.0161 -0.0066 
0.1605 0.0202 -0.0096 
0.1841 0.0250 -0.0138 
0.2105 0.0307 -0.0197 
0.2395 0.0372 -0.0275 
0.2703 0.0443 -0.0374 
0.3030 0.0520 -0.0498 
0.3378 0.0603 -0.0651 
0.3750 0.0693 -0.0840 
0.4148 0.0789 -0.1070 
0.4576 0.0893 -0.1349 
0.5038 0.1006 -0.1687 
0.5540 0.1127 -0.2097 
0.6089 0.1260 -0.2595 
0.6693 0.1404 -0.3199 
0.7363 0.1563 -0.3938 
0.8115 0.1738 -0.4847 
0.8968 0.1935 -0.5974 
0.9951 0.2156 -0.7386 
1.1105 0.2408 -0.9178 
1.2490 0.2699 -1.1486 
1.4203 0.3039 -1.4506 
1.6403 0.3440 -1.8510 
1.9360 0.3909 -2.3760 
2.2544 0.4313 -2.8723 
2.5808 0.4608 -3.2505 
2.9253 0.4781 -3.4570 
3.3112 0.4799 -3.4175 
3.7709 0.4580 -2.9975 
4.0303 0.4345 -2.6057 
4.2897 0.4033 -2.1305 
4.6167 0.3541 -1.4586 
4.9356 0.2965 -0.7846 
5.2526 0.2314 -0.1600 
5.5743 0.1590 0.3676 
5.9090 0.0790 0.7493 
6.2715 -0.0106 0.9275 
6.7154 -0.1202 0.7908 
7.0432 -0.1980 0.4577 
7.3710 -0.2709 -0.0308 
7.7022 -0.3374 -0.6256 
8.0222 -0.3934 -1.2334 
8.3390 -0.4391 -1.8027 
8.6595 -0.4745 -2.2848 
8.9911 -0.4986 -2.6296 
9.3470 -0.5095 -2.7799 
9.7663 -0.5022 -2.6379 
10.0592 -0.4843 -2.3422 
10.3522 -0.4562 -1.9099 
10.6917 -0.4117 -1.2846 
11.0158 -0.3583 -0.6235 
11.3333 -0.2972 0.0195 
11.6512 -0.2288 0.5965 
11.9765 -0.1529 1.0594 
12.3188 -0.0691 1.3569 
12.6992 0.0261 1.4222 
13.1556 0.1384 1.1277 
13.4182 0.2000 0.7963 
13.6807 0.2580 0.3742 
14.0092 0.3240 -0.2355 
14.3287 0.3797 -0.8558 
14.6456 0.4253 -1.4337 
14.9665 0.4604 -1.9205 
15.2994 0.4842 -2.2662 
15.6580 0.4946 -2.4130 
16.0865 0.4860 -2.2562 
16.4278 0.4631 -1.8883 
16.7690 0.4266 -1.3473 
17.1019 0.3789 -0.7110 
17.4224 0.3229 -0.0613 
17.7393 0.2593 0.5522 
18.0592 0.1884 1.0812 
18.3897 0.1100 1.4769 
18.7429 0.0228 1.6844 
19.1499 -0.0785 1.6185 
19.4441 -0.1500 1.3734 
19.7384 -0.2184 0.9855 
20.0807 -0.2921 0.4006 
20.4061 -0.3543 -0.2286 
20.7239 -0.4061 -0.8468 
21.0414 -0.4477 -1.4050 
21.3656 -0.4787 -1.8546 
21.7054 -0.4978 -2.1444 
22.0797 -0.5023 -2.2093 
22.5330 -0.4844 -1.9209 
22.7992 -0.4623 -1.5837 
23.0655 -0.4321 -1.1493 
23.3958 -0.3841 -0.5209 
23.7161 -0.3276 0.1230 
24.0329 -0.2636 0.7293 
24.3531 -0.1922 1.2497 
24.6840 -0.1133 1.6351 
25.0384 -0.0256 1.8301 
25.4526 0.0777 1.7441 
25.8076 0.1636 1.4126 
26.1625 0.2444 0.8862 
26.4975 0.3136 0.2701 
26.8188 0.3716 -0.3646 
27.1357 0.4195 -0.9680 
27.4551 0.4570 -1.4917 
27.7842 0.4835 -1.8866 
28.1346 0.4973 -2.0983 
28.5216 0.4948 -2.0525 
28.8802 0.4759 -1.7533 
29.1830 0.4479 -1.3355 
29.4686 0.4122 -0.8384 
29.7918 0.3616 -0.2063 
30.1100 0.3025 0.4271 
30.4273 0.2360 1.0062 
30.7502 0.1622 1.4825 
31.0874 0.0807 1.8056 
31.4557 -0.0110 1.9142 
31.9027 -0.1215 1.6871 
32.1754 -0.1863 1.3721 
32.4480 -0.2477 0.9499 
32.7806 -0.3162 0.3356 
33.1019 -0.3742 -0.3011 
33.4188 -0.4220 -0.9065 
33.7381 -0.4595 -1.4322 
34.0673 -0.4859 -1.8291 
34.4177 -0.4996 -2.0429 
34.8198 -0.4965 -1.9916 
35.1854 -0.4763 -1.6763 
35.5510 -0.4403 -1.1472 
35.8885 -0.3940 -0.5288 
36.2022 -0.3409 0.0955 
36.5157 -0.2795 0.7051 
36.8343 -0.2101 1.2487 
37.1616 -0.1334 1.6706 
37.5079 -0.0483 1.9179 
37.8966 0.0487 1.9172 
38.2607 0.1380 1.6505 
38.5656 0.2094 1.2539 
38.8481 0.2712 0.7789 
39.1663 0.3343 0.1681 
39.4853 0.3890 -0.4649 
39.8023 0.4336 -1.0514 
40.1238 0.4678 -1.5428 
40.4580 0.4904 -1.8893 
40.8195 0.4996 -2.0323 
41.2593 0.4887 -1.8586 
41.5489 0.4686 -1.5494 
41.8385 0.4387 -1.1138 
42.1735 0.3927 -0.5000 
42.4956 0.3380 0.1404 
42.8126 0.2757 0.7542 
43.1314 0.2060 1.2928 
43.4592 0.1290 1.7075 
43.8068 0.0435 1.9451 
44.2008 -0.0548 1.9292 
44.5643 -0.1437 1.6483 
44.9278 -0.2279 1.1491 
45.2685 -0.3001 0.5407 
45.5806 -0.3586 -0.0751 
45.8898 -0.4080 -0.6803 
46.2077 -0.4487 -1.2367 
46.5330 -0.4786 -1.6793 
46.8753 -0.4964 -1.9562 
47.2555 -0.4991 -1.9998 
47.6333 -0.4841 -1.7625 
47.9550 -0.4576 -1.3640 
48.2388 -0.4245 -0.8960 
48.5417 -0.3797 -0.3198 
48.8614 -0.3231 0.3174 
49.1782 -0.2588 0.9158 
49.4986 -0.1872 1.4266 
49.8302 -0.1081 1.8004 
50.1860 -0.0200 1.9810 
50.6046 0.0842 1.8739 
50.9211 0.1608 1.5736 
51.2375 0.2334 1.1158 
51.5749 0.3043 0.5058 
51.8977 0.3641 -0.1334 
52.2148 0.4136 -0.7495 
52.5333 0.4529 -1.2939 
52.8601 0.4813 -1.7179 
53.2057 0.4974 -1.9690 
53.5945 0.4977 -1.9740 
54.0109 0.4773 -1.6550 
54.2791 0.4531 -1.2950 
54.5473 0.4208 -0.8430 
54.8748 0.3712 -0.2138 
55.1938 0.3133 0.4209 
55.5108 0.2479 1.0086 
55.8323 0.1752 1.5013 
56.1666 0.0948 1.8489 
56.5282 0.0050 1.9929 
56.9682 -0.1042 1.8202 
57.2867 -0.1804 1.4734 
57.6052 -0.2521 0.9778 
57.9377 -0.3201 0.3557 
58.2584 -0.3773 -0.2826 
58.5752 -0.4244 -0.8858 
58.8951 -0.4611 -1.4055 
59.2253 -0.4866 -1.7928 
59.5781 -0.4993 -1.9923 
59.9872 -0.4946 -1.9172 
60.3024 -0.4768 -1.6414 
60.6176 -0.4473 -1.2044 
60.9579 -0.4029 -0.6014 
61.2820 -0.3499 0.0377 
61.5994 -0.2890 0.6599 
61.9174 -0.2208 1.2165 
62.2427 -0.1452 1.6591 
62.5851 -0.0616 1.9358 
62.9656 0.0334 1.9786 
63.3850 0.1365 1.6984 
63.6570 0.2004 1.3537 
63.9289 0.2607 0.9092 
64.2584 0.3271 0.2845 
64.5782 0.3831 -0.3523 
64.8951 0.4290 -0.9484 
65.2156 0.4645 -1.4555 
65.5477 0.4887 -1.8242 
65.9044 0.4997 -1.9978 
66.3264 0.4922 -1.8792 
66.6629 0.4706 -1.5456 
66.9994 0.4356 -1.0388 
67.3341 0.3886 -0.4194 
67.6555 0.3333 0.2199 
67.9724 0.2703 0.8283 
68.2917 0.2000 1.3575 
68.6206 0.1223 1.7585 
68.9707 0.0360 1.9773 
69.3717 -0.0640 1.9327 
69.7552 -0.1573 1.6023 
70.0628 -0.2282 1.1653 
70.3319 -0.2858 0.6915 
70.6348 -0.3444 0.1005 
70.9528 -0.3975 -0.5292 
71.2701 -0.4404 -1.1047 
71.5931 -0.4728 -1.5771 
71.9304 -0.4934 -1.8960 
72.2990 -0.4999 -1.9996 
72.7720 -0.4835 -1.7415 
73.0379 -0.4623 -1.4213 
73.3038 -0.4330 -1.0012 
73.6355 -0.3858 -0.3827 
73.9564 -0.3301 0.2561 
74.2733 -0.2667 0.8613 
74.5929 -0.1960 1.3846 
74.9226 -0.1178 1.7770 
75.2744 -0.0309 1.9837 
75.6805 0.0703 1.9199 
76.0431 0.1584 1.5974 
76.4057 0.2413 1.0672 
76.7422 0.3113 0.4488 
77.0640 0.3699 -0.1906 
77.3810 0.4184 -0.8017 
77.7000 0.4566 -1.3360 
78.0283 0.4837 -1.7447 
78.3768 0.4983 -1.9742 
78.7596 0.4970 -1.9526 
79.1171 0.4793 -1.6765 
79.4227 0.4521 -1.2704 
79.7114 0.4166 -0.7780 
80.0000 0.3725 -0.2214 
