0.0000 0.0000 0.0000 
0.0000 0.0000 -0.0000 
0.0000 0.0000 -0.0000 
0.0001 0.0000 -0.0000 
0.0005 0.0000 -0.0000 
0.0017 0.0000 -0.0000 
0.0028 0.0000 -0.0000 
0.0040 0.0000 -0.0000 
0.0051 0.0000 -0.0000 
0.0063 0.0000 -0.0000 
0.0075 0.0001 -0.0000 
0.0087 0.0001 -0.0000 
0.0098 0.0001 -0.0000 
0.0110 0.0001 -0.0000 
0.0122 0.0002 -0.0000 
0.0135 0.0002 -0.0000 
0.0148 0.0003 -0.0000 
0.0162 0.0003 -0.0000 
0.0176 0.0004 -0.0000 
0.0191 0.0004 -0.0000 
0.0206 0.0005 -0.0000 
0.0222 0.0006 -0.0000 
0.0239 0.0007 -0.0000 
0.0255 0.0008 -0.0001 
0.0273 0.0009 -0.0001 
0.0291 0.0010 -0.0001 
0.0309 0.0011 -0.0001 
0.0328 0.0012 -0.0001 
0.0347 0.0013 -0.0001 
0.0367 0.0015 -0.0002 
0.0386 0.0016 -0.0002 
0.0406 0.0018 -0.0002 
0.0426 0.0020 -0.0002 
0.0446 0.0022 -0.0003 
0.0466 0.0023 -0.0003 
0.0486 0.0025 -0.0003 
0.0506 0.0027 -0.0004 
0.0526 0.0029 -0.0004 
0.0546 0.0031 -0.0005 
0.0566 0.0034 -0.0005 
0.0587 0.0036 -0.0006 
0.0607 0.0038 -0.0006 
0.0628 0.0040 -0.0007 
0.0648 0.0043 -0.0008 
0.0669 0.0045 -0.0009 
0.0690 0.0048 -0.0009 
0.0711 0.0051 -0.0010 
0.0732 0.0053 -0.0011 
0.0753 0.0056 -0.0012 
0.0775 0.0059 -0.0013 
0.0798 0.0062 -0.0014 
0.0820 0.0065 -0.0015 
0.0844 0.0069 -0.0016 
0.0867 0.0072 -0.0018 
0.0892 0.0076 -0.0019 
0.0916 0.0079 -0.0021 
0.0942 0.0083 -0.0022 
0.0967 0.0087 -0.0024 
0.0994 0.0091 -0.0026 
0.1020 0.0095 -0.0028 
0.1048 0.0100 -0.0030 
0.1076 0.0104 -0.0032 
0.1104 0.0109 -0.0035 
0.1133 0.0114 -0.0037 
0.1163 0.0119 -0.0040 
0.1193 0.0124 -0.0043 
0.1224 0.0130 -0.0046 
0.1255 0.0135 -0.0049 
0.1287 0.0141 -0.0053 
0.1320 0.0147 -0.0057 
0.1353 0.0153 -0.0061 
0.1387 0.0160 -0.0065 
0.1422 0.0166 -0.0069 
0.1458 0.0173 -0.0074 
0.1494 0.0180 -0.0079 
0.1531 0.0187 -0.0085 
0.1568 0.0195 -0.0090 
0.1607 0.0202 -0.0096 
0.1646 0.0210 -0.0103 
0.1686 0.0218 -0.0110 
0.1727 0.0227 -0.0117 
0.1769 0.0235 -0.0125 
0.1811 0.0244 -0.0133 
0.1855 0.0253 -0.0141 
0.1899 0.0263 -0.0150 
0.1944 0.0272 -0.0160 
0.1991 0.0282 -0.0170 
0.2038 0.0293 -0.0181 
0.2086 0.0303 -0.0192 
0.2135 0.0314 -0.0204 
0.2184 0.0325 -0.0217 
0.2234 0.0336 -0.0230 
0.2284 0.0347 -0.0243 
0.2335 0.0358 -0.0257 
0.2386 0.0370 -0.0272 
0.2438 0.0382 -0.0288 
0.2491 0.0394 -0.0304 
0.2544 0.0406 -0.0321 
0.2598 0.0419 -0.0338 
0.2652 0.0431 -0.0356 
0.2707 0.0444 -0.0375 
0.2762 0.0457 -0.0395 
0.2819 0.0470 -0.0416 
0.2876 0.0483 -0.0437 
0.2933 0.0497 -0.0459 
0.2991 0.0511 -0.0482 
0.3050 0.0525 -0.0506 
0.3110 0.0539 -0.0531 
0.3170 0.0553 -0.0557 
0.3232 0.0568 -0.0584 
0.3293 0.0583 -0.0612 
0.3356 0.0598 -0.0641 
0.3420 0.0613 -0.0671 
0.3484 0.0628 -0.0702 
0.3549 0.0644 -0.0735 
0.3615 0.0660 -0.0768 
0.3682 0.0676 -0.0803 
0.3749 0.0692 -0.0840 
0.3818 0.0709 -0.0877 
0.3888 0.0726 -0.0916 
0.3958 0.0743 -0.0956 
0.4030 0.0760 -0.0998 
0.4102 0.0778 -0.1042 
0.4176 0.0796 -0.1087 
0.4250 0.0814 -0.1133 
0.4326 0.0832 -0.1182 
0.4403 0.0851 -0.1232 
0.4481 0.0870 -0.1284 
0.4560 0.0889 -0.1338 
0.4640 0.0909 -0.1394 
0.4722 0.0929 -0.1452 
0.4805 0.0949 -0.1512 
0.4889 0.0969 -0.1574 
0.4975 0.0990 -0.1639 
0.5062 0.1011 -0.1706 
0.5151 0.1033 -0.1775 
0.5241 0.1055 -0.1847 
0.5333 0.1077 -0.1922 
0.5426 0.1100 -0.2000 
0.5521 0.1123 -0.2081 
0.5618 0.1146 -0.2165 
0.5717 0.1170 -0.2251 
0.5817 0.1194 -0.2342 
0.5920 0.1219 -0.2436 
0.6024 0.1244 -0.2533 
0.6131 0.1270 -0.2635 
0.6240 0.1296 -0.2740 
0.6351 0.1322 -0.2850 
0.6465 0.1350 -0.2964 
0.6581 0.1377 -0.3083 
0.6699 0.1406 -0.3206 
0.6821 0.1434 -0.3335 
0.6945 0.1464 -0.3470 
0.7072 0.1494 -0.3610 
0.7203 0.1525 -0.3756 
0.7337 0.1557 -0.3908 
0.7474 0.1589 -0.4067 
0.7615 0.1622 -0.4234 
0.7759 0.1656 -0.4408 
0.7908 0.1690 -0.4589 
0.8061 0.1726 -0.4780 
0.8219 0.1763 -0.4979 
0.8381 0.1800 -0.5189 
0.8549 0.1839 -0.5408 
0.8721 0.1878 -0.5638 
0.8900 0.1919 -0.5881 
0.9085 0.1961 -0.6135 
0.9276 0.2004 -0.6404 
0.9474 0.2049 -0.6686 
0.9680 0.2095 -0.6985 
0.9894 0.2143 -0.7301 
1.0117 0.2192 -0.7634 
1.0349 0.2243 -0.7988 
1.0591 0.2297 -0.8363 
1.0845 0.2352 -0.8762 
1.1111 0.2409 -0.9187 
1.1390 0.2469 -0.9641 
1.1685 0.2531 -1.0125 
1.1995 0.2596 -1.0644 
1.2324 0.2664 -1.1201 
1.2673 0.2736 -1.1801 
1.3045 0.2811 -1.2448 
1.3443 0.2891 -1.3149 
1.3870 0.2974 -1.3909 
1.4332 0.3063 -1.4739 
1.4804 0.3152 -1.5594 
1.5282 0.3241 -1.6464 
1.5764 0.3328 -1.7344 
1.6252 0.3414 -1.8235 
1.6745 0.3499 -1.9132 
1.7243 0.3582 -2.0033 
1.7745 0.3663 -2.0937 
1.8249 0.3743 -2.1832 
1.8754 0.3820 -2.2717 
1.9260 0.3894 -2.3589 
1.9767 0.3967 -2.4446 
2.0277 0.4036 -2.5287 
2.0789 0.4104 -2.6109 
2.1303 0.4169 -2.6909 
2.1821 0.4231 -2.7687 
2.2341 0.4290 -2.8439 
2.2866 0.4347 -2.9163 
2.3395 0.4402 -2.9857 
2.3928 0.4453 -3.0518 
2.4468 0.4502 -3.1144 
2.5013 0.4548 -3.1733 
2.5566 0.4591 -3.2281 
2.6127 0.4630 -3.2786 
2.6697 0.4667 -3.3244 
2.7279 0.4700 -3.3652 
2.7874 0.4729 -3.4006 
2.8485 0.4755 -3.4301 
2.9117 0.4777 -3.4531 
2.9775 0.4794 -3.4689 
3.0472 0.4807 -3.4763 
3.1229 0.4814 -3.4736 
3.2001 0.4813 -3.4591 
3.2772 0.4805 -3.4328 
3.3545 0.4790 -3.3947 
3.4256 0.4769 -3.3494 
3.4920 0.4744 -3.2984 
3.5553 0.4715 -3.2422 
3.6165 0.4683 -3.1809 
3.6759 0.4647 -3.1151 
3.7339 0.4607 -3.0450 
3.7908 0.4565 -2.9709 
3.8467 0.4519 -2.8930 
3.9018 0.4471 -2.8117 
3.9562 0.4420 -2.7272 
4.0100 0.4366 -2.6397 
4.0632 0.4309 -2.5494 
4.1160 0.4250 -2.4566 
4.1683 0.4188 -2.3615 
4.2203 0.4124 -2.2643 
4.2719 0.4057 -2.1652 
4.3232 0.3988 -2.0644 
4.3743 0.3916 -1.9622 
4.4252 0.3842 -1.8587 
4.4759 0.3766 -1.7542 
4.5264 0.3687 -1.6488 
4.5769 0.3606 -1.5428 
4.6272 0.3523 -1.4363 
4.6775 0.3438 -1.3296 
4.7277 0.3350 -1.2228 
4.7779 0.3260 -1.1161 
4.8281 0.3169 -1.0098 
4.8783 0.3074 -0.9040 
4.9286 0.2978 -0.7990 
4.9790 0.2880 -0.6949 
5.0295 0.2779 -0.5920 
5.0802 0.2677 -0.4904 
5.1310 0.2572 -0.3904 
5.1820 0.2465 -0.2921 
5.2332 0.2356 -0.1957 
5.2847 0.2244 -0.1016 
5.3365 0.2130 -0.0097 
5.3887 0.2014 0.0795 
5.4413 0.1896 0.1659 
5.4943 0.1775 0.2493 
5.5478 0.1652 0.3294 
5.6018 0.1526 0.4060 
5.6565 0.1397 0.4789 
5.7120 0.1265 0.5478 
5.7683 0.1131 0.6125 
5.8256 0.0992 0.6725 
5.8841 0.0850 0.7277 
5.9440 0.0704 0.7776 
6.0056 0.0553 0.8219 
6.0693 0.0395 0.8600 
6.1360 0.0230 0.8912 
6.2069 0.0054 0.9148 
6.2849 -0.0139 0.9291 
6.3634 -0.0335 0.9311 
6.4420 -0.0530 0.9208 
6.5187 -0.0719 0.8989 
6.5881 -0.0891 0.8691 
6.6534 -0.1051 0.8327 
6.7160 -0.1203 0.7903 
6.7766 -0.1350 0.7425 
6.8355 -0.1491 0.6897 
6.8932 -0.1629 0.6322 
6.9497 -0.1762 0.5706 
7.0054 -0.1892 0.5049 
7.0603 -0.2019 0.4357 
7.1145 -0.2143 0.3630 
7.1681 -0.2264 0.2873 
7.2212 -0.2383 0.2086 
7.2738 -0.2499 0.1273 
7.3260 -0.2612 0.0436 
7.3778 -0.2723 -0.0422 
7.4294 -0.2832 -0.1300 
7.4806 -0.2938 -0.2196 
7.5316 -0.3042 -0.3106 
7.5825 -0.3143 -0.4029 
7.6331 -0.3242 -0.4964 
7.6836 -0.3339 -0.5907 
7.7340 -0.3434 -0.6857 
7.7843 -0.3526 -0.7812 
7.8346 -0.3617 -0.8769 
7.8848 -0.3705 -0.9727 
7.9350 -0.3790 -1.0683 
7.9852 -0.3874 -1.1636 
8.0355 -0.3955 -1.2583 
8.0858 -0.4033 -1.3522 
8.1362 -0.4110 -1.4452 
8.1867 -0.4184 -1.5370 
8.2374 -0.4255 -1.6274 
8.2883 -0.4325 -1.7163 
8.3394 -0.4391 -1.8033 
8.3907 -0.4456 -1.8883 
8.4423 -0.4517 -1.9711 
8.4942 -0.4577 -2.0514 
8.5465 -0.4633 -2.1291 
8.5992 -0.4687 -2.2039 
8.6523 -0.4738 -2.2755 
8.7060 -0.4786 -2.3437 
8.7602 -0.4832 -2.4084 
8.8152 -0.4874 -2.4691 
8.8709 -0.4914 -2.5257 
8.9275 -0.4950 -2.5778 
8.9851 -0.4983 -2.6251 
9.0440 -0.5012 -2.6672 
9.1044 -0.5038 -2.7037 
9.1666 -0.5059 -2.7341 
9.2312 -0.5077 -2.7579 
9.2989 -0.5090 -2.7740 
9.3716 -0.5097 -2.7812 
9.4502 -0.5098 -2.7772 
9.5287 -0.5091 -2.7609 
9.6073 -0.5076 -2.7323 
9.6813 -0.5055 -2.6945 
9.7493 -0.5030 -2.6503 
9.8137 -0.5000 -2.6004 
9.8756 -0.4968 -2.5453 
9.9357 -0.4931 -2.4852 
9.9942 -0.4892 -2.4207 
10.0515 -0.4849 -2.3519 
10.1078 -0.4803 -2.2791 
10.1632 -0.4754 -2.2028 
10.2179 -0.4703 -2.1230 
10.2719 -0.4649 -2.0401 
10.3253 -0.4592 -1.9543 
10.3783 -0.4532 -1.8659 
10.4308 -0.4470 -1.7750 
10.4829 -0.4405 -1.6819 
10.5346 -0.4338 -1.5867 
10.5861 -0.4268 -1.4898 
10.6373 -0.4196 -1.3913 
10.6882 -0.4122 -1.2915 
10.7390 -0.4045 -1.1904 
10.7896 -0.3966 -1.0885 
10.8401 -0.3885 -0.9857 
10.8904 -0.3801 -0.8824 
10.9407 -0.3716 -0.7788 
10.9909 -0.3628 -0.6750 
11.0411 -0.3538 -0.5712 
11.0913 -0.3445 -0.4677 
11.1416 -0.3351 -0.3647 
11.1919 -0.3254 -0.2623 
11.2422 -0.3156 -0.1608 
11.2927 -0.3055 -0.0603 
11.3432 -0.2952 0.0390 
11.3940 -0.2847 0.1367 
11.4449 -0.2739 0.2328 
11.4960 -0.2630 0.3271 
11.5474 -0.2518 0.4192 
11.5991 -0.2404 0.5091 
11.6511 -0.2288 0.5965 
11.7035 -0.2169 0.6811 
11.7564 -0.2048 0.7628 
11.8096 -0.1924 0.8413 
11.8635 -0.1798 0.9164 
11.9179 -0.1669 0.9879 
11.9731 -0.1538 1.0554 
12.0290 -0.1403 1.1187 
12.0859 -0.1265 1.1776 
12.1439 -0.1123 1.2317 
12.2032 -0.0977 1.2806 
12.2641 -0.0827 1.3239 
12.3269 -0.0671 1.3613 
12.3923 -0.0508 1.3919 
12.4613 -0.0335 1.4152 
12.5359 -0.0148 1.4296 
12.6145 0.0049 1.4327 
12.6930 0.0246 1.4234 
12.7717 0.0442 1.4019 
12.8435 0.0621 1.3716 
12.9103 0.0786 1.3345 
12.9739 0.0943 1.2914 
13.0352 0.1093 1.2427 
13.0947 0.1238 1.1890 
13.1529 0.1378 1.1306 
13.2099 0.1514 1.0679 
13.2659 0.1647 1.0012 
13.3211 0.1776 0.9308 
13.3756 0.1902 0.8570 
13.4294 0.2026 0.7799 
13.4827 0.2146 0.6999 
13.5355 0.2264 0.6173 
13.5878 0.2379 0.5321 
13.6398 0.2492 0.4448 
13.6915 0.2603 0.3554 
13.7429 0.2711 0.2642 
13.7940 0.2817 0.1714 
13.8449 0.2920 0.0773 
13.8956 0.3021 -0.0180 
13.9462 0.3120 -0.1142 
13.9966 0.3216 -0.2112 
14.0469 0.3311 -0.3087 
14.0972 0.3403 -0.4065 
14.1474 0.3493 -0.5045 
14.1976 0.3580 -0.6023 
14.2478 0.3665 -0.6999 
14.2981 0.3748 -0.7971 
14.3484 0.3829 -0.8935 
14.3987 0.3907 -0.9890 
14.4492 0.3983 -1.0835 
14.4999 0.4056 -1.1766 
14.5506 0.4127 -1.2682 
14.6016 0.4196 -1.3581 
14.6528 0.4262 -1.4461 
14.7043 0.4326 -1.5320 
14.7561 0.4387 -1.6154 
14.8082 0.4445 -1.6963 
14.8607 0.4501 -1.7744 
14.9137 0.4554 -1.8495 
14.9671 0.4605 -1.9213 
15.0212 0.4652 -1.9896 
15.0758 0.4697 -2.0541 
15.1312 0.4738 -2.1146 
15.1874 0.4777 -2.1708 
15.2446 0.4812 -2.2223 
15.3030 0.4843 -2.2688 
15.3627 0.4872 -2.3100 
15.4241 0.4896 -2.3453 
15.4876 0.4916 -2.3743 
15.5539 0.4932 -2.3962 
15.6243 0.4943 -2.4099 
15.7013 0.4948 -2.4136 
15.7799 0.4945 -2.4052 
15.8585 0.4934 -2.3845 
15.9362 0.4916 -2.3521 
16.0062 0.4894 -2.3128 
16.0719 0.4867 -2.2675 
16.1347 0.4837 -2.2166 
16.1954 0.4803 -2.1606 
16.2545 0.4765 -2.0998 
16.3123 0.4724 -2.0347 
16.3690 0.4681 -1.9654 
16.4247 0.4634 -1.8924 
16.4796 0.4584 -1.8158 
16.5339 0.4532 -1.7360 
16.5876 0.4476 -1.6531 
16.6407 0.4419 -1.5675 
16.6933 0.4358 -1.4793 
16.7456 0.4295 -1.3888 
16.7975 0.4230 -1.2961 
16.8490 0.4162 -1.2016 
16.9003 0.4091 -1.1054 
16.9514 0.4018 -1.0077 
17.0022 0.3943 -0.9088 
17.0529 0.3866 -0.8088 
17.1034 0.3786 -0.7080 
17.1538 0.3704 -0.6065 
17.2041 0.3620 -0.5046 
17.2544 0.3534 -0.4024 
17.3046 0.3445 -0.3002 
17.3548 0.3354 -0.1981 
17.4050 0.3262 -0.0965 
17.4552 0.3166 0.0046 
17.5056 0.3069 0.1050 
17.5560 0.2970 0.2044 
17.6065 0.2868 0.3026 
17.6572 0.2765 0.3994 
17.7080 0.2659 0.4946 
17.7591 0.2551 0.5881 
17.8104 0.2440 0.6796 
17.8619 0.2328 0.7688 
17.9138 0.2213 0.8556 
17.9660 0.2096 0.9398 
18.0187 0.1977 1.0212 
18.0718 0.1855 1.0994 
18.1254 0.1730 1.1743 
18.1796 0.1603 1.2457 
18.2345 0.1473 1.3132 
18.2901 0.1340 1.3766 
18.3466 0.1204 1.4357 
18.4041 0.1065 1.4901 
18.4629 0.0921 1.5394 
18.5231 0.0773 1.5833 
18.5851 0.0620 1.6214 
18.6494 0.0461 1.6530 
18.7168 0.0293 1.6774 
18.7888 0.0114 1.6935 
18.8674 -0.0083 1.6993 
18.9460 -0.0279 1.6927 
19.0246 -0.0474 1.6738 
19.0993 -0.0660 1.6445 
19.1678 -0.0829 1.6082 
19.2325 -0.0988 1.5656 
19.2946 -0.1140 1.5175 
19.3548 -0.1286 1.4641 
19.4135 -0.1427 1.4060 
19.4709 -0.1564 1.3435 
19.5273 -0.1698 1.2770 
19.5828 -0.1828 1.2066 
19.6375 -0.1954 1.1327 
19.6916 -0.2078 1.0555 
19.7451 -0.2199 0.9753 
19.7980 -0.2318 0.8924 
19.8506 -0.2434 0.8069 
19.9027 -0.2547 0.7191 
19.9545 -0.2658 0.6292 
20.0060 -0.2766 0.5375 
20.0572 -0.2873 0.4441 
20.1082 -0.2976 0.3493 
20.1589 -0.3078 0.2532 
20.2096 -0.3177 0.1561 
20.2600 -0.3274 0.0582 
20.3104 -0.3369 -0.0402 
20.3607 -0.3461 -0.1391 
20.4109 -0.3551 -0.2382 
20.4612 -0.3639 -0.3373 
20.5114 -0.3725 -0.4362 
20.5616 -0.3808 -0.5347 
20.6119 -0.3889 -0.6325 
20.6622 -0.3968 -0.7296 
20.7126 -0.4044 -0.8256 
20.7632 -0.4118 -0.9204 
20.8139 -0.4190 -1.0138 
20.8648 -0.4259 -1.1055 
20.9160 -0.4326 -1.1954 
20.9673 -0.4390 -1.2832 
21.0190 -0.4451 -1.3688 
21.0710 -0.4510 -1.4518 
21.1233 -0.4567 -1.5322 
21.1761 -0.4621 -1.6096 
21.2293 -0.4672 -1.6838 
21.2831 -0.4720 -1.7547 
21.3375 -0.4765 -1.8218 
21.3926 -0.4807 -1.8851 
21.4485 -0.4846 -1.9441 
21.5053 -0.4882 -1.9987 
21.5632 -0.4915 -2.0484 
21.6223 -0.4944 -2.0929 
21.6830 -0.4969 -2.1318 
21.7456 -0.4991 -2.1646 
21.8107 -0.5008 -2.1907 
21.8793 -0.5020 -2.2091 
21.9533 -0.5027 -2.2185 
22.0318 -0.5027 -2.2166 
22.1104 -0.5018 -2.2023 
22.1890 -0.5003 -2.1758 
22.2615 -0.4981 -2.1406 
22.3287 -0.4956 -2.0989 
22.3925 -0.4926 -2.0515 
22.4540 -0.4893 -1.9986 
22.5137 -0.4857 -1.9409 
22.5720 -0.4817 -1.8786 
22.6291 -0.4774 -1.8120 
22.6852 -0.4728 -1.7415 
22.7405 -0.4679 -1.6674 
22.7950 -0.4627 -1.5899 
22.8489 -0.4573 -1.5092 
22.9023 -0.4515 -1.4256 
22.9551 -0.4456 -1.3394 
23.0075 -0.4393 -1.2507 
23.0595 -0.4328 -1.1598 
23.1112 -0.4261 -1.0669 
23.1626 -0.4191 -0.9723 
23.2137 -0.4119 -0.8761 
23.2647 -0.4044 -0.7785 
23.3154 -0.3968 -0.6798 
23.3660 -0.3889 -0.5801 
23.4164 -0.3807 -0.4797 
23.4668 -0.3724 -0.3788 
23.5170 -0.3638 -0.2776 
23.5673 -0.3550 -0.1762 
23.6175 -0.3459 -0.0749 
23.6677 -0.3367 0.0261 
23.7179 -0.3273 0.1266 
23.7682 -0.3176 0.2265 
23.8186 -0.3077 0.3255 
23.8690 -0.2976 0.4233 
23.9197 -0.2873 0.5199 
23.9704 -0.2768 0.6150 
24.0214 -0.2660 0.7084 
24.0726 -0.2550 0.7999 
24.1240 -0.2439 0.8893 
24.1758 -0.2324 0.9763 
24.2279 -0.2208 1.0608 
24.2803 -0.2089 1.1425 
24.3333 -0.1968 1.2212 
24.3866 -0.1844 1.2967 
24.4406 -0.1718 1.3687 
24.4952 -0.1589 1.4370 
24.5505 -0.1457 1.5013 
24.6066 -0.1321 1.5613 
24.6637 -0.1183 1.6168 
24.7220 -0.1041 1.6673 
24.7815 -0.0894 1.7126 
24.8427 -0.0743 1.7522 
24.9060 -0.0586 1.7856 
24.9720 -0.0422 1.8121 
25.0419 -0.0247 1.8308 
25.1181 -0.0057 1.8400 
25.1967 0.0140 1.8374 
25.2752 0.0336 1.8225 
25.3539 0.0532 1.7953 
25.4245 0.0707 1.7606 
25.4904 0.0870 1.7195 
25.5535 0.1025 1.6727 
25.6144 0.1173 1.6205 
25.6736 0.1317 1.5635 
25.7315 0.1456 1.5019 
25.7883 0.1591 1.4361 
25.8441 0.1722 1.3664 
25.8992 0.1851 1.2932 
25.9535 0.1976 1.2165 
26.0072 0.2099 1.1368 
26.0604 0.2218 1.0542 
26.1130 0.2336 0.9690 
26.1653 0.2450 0.8815 
26.2172 0.2562 0.7917 
26.2688 0.2672 0.7000 
26.3202 0.2779 0.6066 
26.3712 0.2884 0.5117 
26.4221 0.2987 0.4155 
26.4728 0.3087 0.3181 
26.5233 0.3185 0.2199 
26.5737 0.3281 0.1210 
26.6240 0.3375 0.0216 
26.6743 0.3466 -0.0780 
26.7245 0.3555 -0.1778 
26.7747 0.3642 -0.2774 
26.8249 0.3726 -0.3766 
26.8752 0.3809 -0.4754 
26.9255 0.3889 -0.5733 
26.9759 0.3966 -0.6704 
27.0264 0.4041 -0.7663 
27.0770 0.4114 -0.8608 
27.1279 0.4184 -0.9538 
27.1789 0.4252 -1.0451 
27.2302 0.4318 -1.1343 
27.2817 0.4381 -1.2214 
27.3336 0.4441 -1.3061 
27.3858 0.4499 -1.3881 
27.4384 0.4554 -1.4673 
27.4914 0.4606 -1.5434 
27.5450 0.4655 -1.6162 
27.5991 0.4702 -1.6855 
27.6539 0.4746 -1.7509 
27.7095 0.4786 -1.8123 
27.7659 0.4824 -1.8693 
27.8233 0.4858 -1.9216 
27.8819 0.4889 -1.9688 
27.9420 0.4916 -2.0107 
28.0038 0.4939 -2.0466 
28.0678 0.4958 -2.0761 
28.1349 0.4973 -2.0984 
28.2064 0.4982 -2.1123 
28.2850 0.4985 -2.1159 
28.3636 0.4980 -2.1072 
28.4421 0.4968 -2.0861 
28.5177 0.4949 -2.0544 
28.5866 0.4925 -2.0158 
28.6516 0.4897 -1.9712 
28.7139 0.4866 -1.9210 
28.7742 0.4831 -1.8657 
28.8330 0.4792 -1.8057 
28.8906 0.4751 -1.7413 
28.9470 0.4706 -1.6728 
29.0026 0.4659 -1.6006 
29.0574 0.4608 -1.5248 
29.1115 0.4555 -1.4458 
29.1651 0.4499 -1.3638 
29.2181 0.4440 -1.2791 
29.2706 0.4379 -1.1918 
29.3228 0.4315 -1.1023 
29.3746 0.4249 -1.0106 
29.4261 0.4180 -0.9171 
29.4774 0.4109 -0.8219 
29.5284 0.4036 -0.7253 
29.5792 0.3960 -0.6275 
29.6298 0.3882 -0.5286 
29.6803 0.3802 -0.4290 
29.7307 0.3719 -0.3287 
29.7810 0.3635 -0.2280 
29.8312 0.3548 -0.1271 
29.8814 0.3458 -0.0262 
29.9316 0.3367 0.0745 
29.9818 0.3273 0.1748 
30.0321 0.3178 0.2745 
30.0824 0.3080 0.3734 
30.1329 0.2980 0.4713 
30.1834 0.2878 0.5680 
30.2341 0.2773 0.6633 
30.2850 0.2667 0.7569 
30.3361 0.2558 0.8487 
30.3875 0.2447 0.9385 
30.4391 0.2334 1.0260 
30.4911 0.2219 1.1110 
30.5434 0.2101 1.1934 
30.5961 0.1981 1.2728 
30.6493 0.1858 1.3492 
30.7030 0.1733 1.4221 
30.7574 0.1605 1.4914 
30.8124 0.1475 1.5568 
30.8682 0.1341 1.6180 
30.9249 0.1204 1.6748 
30.9827 0.1064 1.7269 
31.0417 0.0919 1.7738 
31.1023 0.0770 1.8151 
31.1647 0.0616 1.8505 
31.2296 0.0454 1.8792 
31.2978 0.0284 1.9005 
31.3711 0.0101 1.9130 
31.4497 -0.0095 1.9146 
31.5282 -0.0291 1.9038 
31.6068 -0.0487 1.8807 
31.6800 -0.0669 1.8483 
31.7475 -0.0835 1.8093 
31.8116 -0.0993 1.7642 
31.8733 -0.1144 1.7137 
31.9332 -0.1289 1.6581 
31.9916 -0.1429 1.5979 
32.0488 -0.1566 1.5334 
32.1050 -0.1699 1.4648 
32.1603 -0.1828 1.3926 
32.2149 -0.1955 1.3169 
32.2688 -0.2078 1.2380 
32.3222 -0.2199 1.1562 
32.3751 -0.2317 1.0716 
32.4275 -0.2432 0.9846 
32.4796 -0.2545 0.8954 
32.5313 -0.2656 0.8041 
32.5827 -0.2764 0.7110 
32.6339 -0.2870 0.6163 
32.6848 -0.2973 0.5202 
32.7356 -0.3074 0.4230 
32.7862 -0.3173 0.3248 
32.8366 -0.3270 0.2258 
32.8870 -0.3364 0.1262 
32.9373 -0.3456 0.0264 
32.9875 -0.3546 -0.0737 
33.0377 -0.3634 -0.1737 
33.0879 -0.3719 -0.2734 
33.1381 -0.3802 -0.3727 
33.1884 -0.3882 -0.4714 
33.2388 -0.3961 -0.5691 
33.2892 -0.4037 -0.6658 
33.3398 -0.4110 -0.7613 
33.3906 -0.4182 -0.8552 
33.4415 -0.4250 -0.9475 
33.4927 -0.4317 -1.0379 
33.5441 -0.4380 -1.1262 
33.5959 -0.4442 -1.2122 
33.6479 -0.4500 -1.2956 
33.7004 -0.4556 -1.3763 
33.7532 -0.4610 -1.4540 
33.8066 -0.4660 -1.5285 
33.8605 -0.4708 -1.5995 
33.9150 -0.4752 -1.6669 
33.9702 -0.4794 -1.7302 
34.0263 -0.4833 -1.7893 
34.0833 -0.4868 -1.8439 
34.1414 -0.4900 -1.8935 
34.2008 -0.4929 -1.9379 
34.2619 -0.4953 -1.9767 
34.3250 -0.4974 -2.0092 
34.3907 -0.4991 -2.0348 
34.4602 -0.5002 -2.0527 
34.5356 -0.5007 -2.0612 
34.6142 -0.5006 -2.0580 
34.6927 -0.4996 -2.0425 
34.7714 -0.4979 -2.0147 
34.8425 -0.4957 -1.9792 
34.9088 -0.4931 -1.9373 
34.9721 -0.4900 -1.8896 
35.0332 -0.4867 -1.8366 
35.0926 -0.4829 -1.7788 
35.1506 -0.4789 -1.7164 
35.2075 -0.4746 -1.6498 
35.2634 -0.4699 -1.5794 
35.3185 -0.4650 -1.5053 
35.3729 -0.4597 -1.4279 
35.4267 -0.4542 -1.3473 
35.4799 -0.4485 -1.2639 
35.5326 -0.4424 -1.1779 
35.5850 -0.4362 -1.0895 
35.6369 -0.4296 -0.9989 
35.6885 -0.4229 -0.9064 
35.7399 -0.4158 -0.8121 
35.7910 -0.4086 -0.7163 
35.8418 -0.4011 -0.6192 
35.8925 -0.3934 -0.5210 
35.9431 -0.3854 -0.4219 
35.9935 -0.3772 -0.3221 
36.0438 -0.3688 -0.2217 
36.0941 -0.3602 -0.1211 
36.1443 -0.3514 -0.0205 
36.1945 -0.3423 0.0801 
36.2447 -0.3330 0.1804 
36.2950 -0.3236 0.2801 
36.3453 -0.3138 0.3791 
36.3957 -0.3039 0.4772 
36.4462 -0.2938 0.5742 
36.4968 -0.2834 0.6698 
36.5476 -0.2729 0.7639 
36.5986 -0.2621 0.8562 
36.6499 -0.2511 0.9466 
36.7014 -0.2398 1.0348 
36.7532 -0.2284 1.1207 
36.8054 -0.2167 1.2039 
36.8579 -0.2048 1.2844 
36.9109 -0.1926 1.3617 
36.9644 -0.1802 1.4358 
37.0185 -0.1675 1.5064 
37.0732 -0.1545 1.5732 
37.1287 -0.1413 1.6359 
37.1851 -0.1277 1.6943 
37.2424 -0.1138 1.7480 
37.3009 -0.0995 1.7968 
37.3608 -0.0848 1.8402 
37.4224 -0.0695 1.8778 
37.4862 -0.0537 1.9090 
37.5529 -0.0371 1.9332 
37.6238 -0.0194 1.9492 
37.7020 0.0002 1.9552 
37.7806 0.0198 1.9489 
37.8591 0.0394 1.9303 
37.9356 0.0584 1.9006 
38.0050 0.0756 1.8637 
38.0703 0.0917 1.8206 
38.1328 0.1070 1.7719 
38.1933 0.1218 1.7180 
38.2523 0.1360 1.6594 
38.3099 0.1498 1.5962 
38.3665 0.1632 1.5290 
38.4221 0.1763 1.4580 
38.4770 0.1891 1.3834 
38.5312 0.2015 1.3055 
38.5848 0.2137 1.2246 
38.6378 0.2256 1.1409 
38.6904 0.2373 1.0546 
38.7426 0.2487 0.9660 
38.7945 0.2598 0.8753 
38.8460 0.2708 0.7827 
38.8973 0.2814 0.6884 
38.9483 0.2919 0.5927 
38.9991 0.3021 0.4957 
39.0498 0.3121 0.3976 
39.1003 0.3218 0.2988 
39.1507 0.3314 0.1992 
39.2010 0.3407 0.0993 
39.2512 0.3497 -0.0009 
39.3014 0.3586 -0.1011 
39.3516 0.3672 -0.2012 
39.4018 0.3756 -0.3008 
39.4521 0.3838 -0.3999 
39.5024 0.3917 -0.4982 
39.5528 0.3994 -0.5955 
39.6034 0.4069 -0.6916 
39.6541 0.4141 -0.7864 
39.7049 0.4211 -0.8795 
39.7560 0.4278 -0.9708 
39.8073 0.4343 -1.0601 
39.8590 0.4405 -1.1472 
39.9109 0.4465 -1.2318 
39.9632 0.4522 -1.3137 
40.0158 0.4576 -1.3928 
40.0690 0.4628 -1.4687 
40.1227 0.4677 -1.5413 
40.1769 0.4723 -1.6103 
40.2319 0.4766 -1.6754 
40.2876 0.4806 -1.7363 
40.3442 0.4842 -1.7929 
40.4019 0.4876 -1.8446 
40.4608 0.4906 -1.8913 
40.5212 0.4932 -1.9325 
40.5834 0.4954 -1.9677 
40.6480 0.4973 -1.9963 
40.7159 0.4986 -2.0175 
40.7886 0.4994 -2.0301 
40.8672 0.4995 -2.0318 
40.9457 0.4989 -2.0213 
41.0243 0.4975 -1.9984 
41.0982 0.4955 -1.9659 
41.1661 0.4930 -1.9266 
41.2305 0.4901 -1.8814 
41.2924 0.4869 -1.8306 
41.3524 0.4833 -1.7748 
41.4109 0.4794 -1.7144 
41.4682 0.4752 -1.6496 
41.5245 0.4707 -1.5808 
41.5799 0.4659 -1.5083 
41.6346 0.4607 -1.4323 
41.6886 0.4554 -1.3531 
41.7420 0.4497 -1.2710 
41.7949 0.4438 -1.1861 
41.8474 0.4376 -1.0988 
41.8995 0.4312 -1.0092 
41.9513 0.4245 -0.9175 
42.0027 0.4176 -0.8240 
42.0539 0.4104 -0.7290 
42.1048 0.4030 -0.6325 
42.1556 0.3954 -0.5348 
42.2062 0.3876 -0.4361 
42.2567 0.3795 -0.3367 
42.3070 0.3712 -0.2367 
42.3573 0.3626 -0.1363 
42.4076 0.3539 -0.0357 
42.4578 0.3449 0.0648 
42.5080 0.3357 0.1651 
42.5582 0.3263 0.2649 
42.6085 0.3167 0.3641 
42.6588 0.3069 0.4625 
42.7093 0.2969 0.5598 
42.7599 0.2866 0.6558 
42.8106 0.2761 0.7504 
42.8615 0.2654 0.8434 
42.9127 0.2545 0.9344 
42.9641 0.2434 1.0234 
43.0158 0.2320 1.1101 
43.0678 0.2204 1.1943 
43.1202 0.2086 1.2758 
43.1730 0.1965 1.3542 
43.2263 0.1842 1.4295 
43.2802 0.1716 1.5014 
43.3346 0.1588 1.5696 
43.3898 0.1457 1.6339 
43.4458 0.1322 1.6939 
43.5027 0.1184 1.7494 
43.5607 0.1043 1.8001 
43.6200 0.0898 1.8455 
43.6809 0.0748 1.8853 
43.7437 0.0592 1.9190 
43.8092 0.0429 1.9459 
43.8782 0.0257 1.9652 
43.9529 0.0070 1.9753 
44.0315 -0.0126 1.9739 
44.1101 -0.0322 1.9602 
44.1887 -0.0518 1.9343 
44.2604 -0.0696 1.9000 
44.3272 -0.0861 1.8593 
44.3907 -0.1017 1.8127 
44.4520 -0.1166 1.7608 
44.5115 -0.1311 1.7039 
44.5697 -0.1450 1.6424 
44.6267 -0.1586 1.5767 
44.6827 -0.1718 1.5071 
44.7378 -0.1847 1.4338 
44.7923 -0.1973 1.3571 
44.8461 -0.2096 1.2773 
44.8994 -0.2216 1.1946 
44.9522 -0.2333 1.1093 
45.0045 -0.2448 1.0215 
45.0565 -0.2561 0.9315 
45.1082 -0.2671 0.8396 
45.1595 -0.2779 0.7459 
45.2106 -0.2884 0.6506 
45.2615 -0.2987 0.5540 
45.3123 -0.3088 0.4562 
45.3628 -0.3186 0.3576 
45.4133 -0.3282 0.2582 
45.4636 -0.3376 0.1583 
45.5139 -0.3468 0.0581 
45.5641 -0.3557 -0.0422 
45.6143 -0.3645 -0.1424 
45.6645 -0.3729 -0.2424 
45.7147 -0.3812 -0.3418 
45.7650 -0.3892 -0.4405 
45.8154 -0.3970 -0.5384 
45.8659 -0.4046 -0.6351 
45.9165 -0.4119 -0.7305 
45.9673 -0.4189 -0.8244 
46.0183 -0.4258 -0.9166 
46.0695 -0.4324 -1.0068 
46.1210 -0.4387 -1.0949 
46.1728 -0.4448 -1.1806 
46.2249 -0.4506 -1.2638 
46.2774 -0.4561 -1.3441 
46.3304 -0.4614 -1.4215 
46.3839 -0.4664 -1.4955 
46.4379 -0.4711 -1.5661 
46.4925 -0.4755 -1.6329 
46.5479 -0.4796 -1.6957 
46.6042 -0.4834 -1.7541 
46.6614 -0.4869 -1.8080 
46.7197 -0.4901 -1.8569 
46.7795 -0.4928 -1.9005 
46.8409 -0.4952 -1.9383 
46.9045 -0.4972 -1.9697 
46.9708 -0.4988 -1.9942 
47.0413 -0.4998 -2.0106 
47.1185 -0.5002 -2.0173 
47.1970 -0.4999 -2.0118 
47.2756 -0.4988 -1.9941 
47.3532 -0.4969 -1.9646 
47.4231 -0.4946 -1.9279 
47.4887 -0.4919 -1.8851 
47.5515 -0.4888 -1.8365 
47.6122 -0.4854 -1.7828 
47.6712 -0.4816 -1.7242 
47.7290 -0.4775 -1.6611 
47.7857 -0.4731 -1.5940 
47.8414 -0.4684 -1.5230 
47.8963 -0.4634 -1.4484 
47.9506 -0.4581 -1.3705 
48.0042 -0.4525 -1.2896 
48.0574 -0.4467 -1.2059 
48.1100 -0.4406 -1.1195 
48.1622 -0.4343 -1.0309 
48.2141 -0.4277 -0.9401 
48.2657 -0.4209 -0.8474 
48.3170 -0.4138 -0.7529 
48.3680 -0.4065 -0.6571 
48.4188 -0.3990 -0.5599 
48.4695 -0.3912 -0.4617 
48.5200 -0.3832 -0.3626 
48.5704 -0.3750 -0.2628 
48.6207 -0.3666 -0.1626 
48.6710 -0.3579 -0.0622 
48.7212 -0.3490 0.0383 
48.7714 -0.3399 0.1386 
48.8216 -0.3306 0.2386 
48.8719 -0.3211 0.3380 
48.9222 -0.3113 0.4367 
48.9726 -0.3014 0.5344 
49.0231 -0.2912 0.6309 
49.0738 -0.2808 0.7260 
49.1247 -0.2702 0.8196 
49.1757 -0.2593 0.9113 
49.2270 -0.2483 1.0011 
49.2786 -0.2370 1.0886 
49.3305 -0.2255 1.1738 
49.3827 -0.2138 1.2563 
49.4354 -0.2018 1.3359 
49.4885 -0.1896 1.4124 
49.5421 -0.1771 1.4856 
49.5963 -0.1644 1.5552 
49.6512 -0.1513 1.6209 
49.7068 -0.1380 1.6826 
49.7633 -0.1244 1.7399 
49.8209 -0.1104 1.7924 
49.8797 -0.0960 1.8399 
49.9399 -0.0812 1.8819 
50.0019 -0.0659 1.9180 
50.0662 -0.0499 1.9476 
50.1337 -0.0331 1.9699 
50.2058 -0.0151 1.9838 
50.2844 0.0046 1.9871 
50.3630 0.0242 1.9780 
50.4416 0.0438 1.9567 
50.5162 0.0624 1.9252 
50.5846 0.0793 1.8868 
50.6492 0.0952 1.8424 
50.7113 0.1104 1.7924 
50.7715 0.1250 1.7374 
50.8302 0.1392 1.6776 
50.8876 0.1529 1.6135 
50.9440 0.1662 1.5453 
50.9994 0.1793 1.4734 
51.0542 0.1920 1.3979 
51.1082 0.2044 1.3193 
51.1617 0.2165 1.2376 
51.2147 0.2283 1.1532 
51.2672 0.2399 1.0663 
51.3193 0.2513 0.9771 
51.3711 0.2624 0.8859 
51.4226 0.2733 0.7928 
51.4738 0.2839 0.6981 
51.5248 0.2943 0.6019 
51.5756 0.3045 0.5045 
51.6262 0.3144 0.4062 
51.6766 0.3241 0.3070 
51.7270 0.3336 0.2072 
51.7773 0.3428 0.1071 
51.8275 0.3519 0.0067 
51.8778 0.3607 -0.0936 
51.9280 0.3692 -0.1937 
51.9782 0.3776 -0.2934 
52.0285 0.3857 -0.3925 
52.0788 0.3936 -0.4908 
52.1292 0.4012 -0.5880 
52.1798 0.4086 -0.6840 
52.2305 0.4158 -0.7786 
52.2814 0.4227 -0.8715 
52.3326 0.4294 -0.9625 
52.3839 0.4359 -1.0516 
52.4356 0.4420 -1.1383 
52.4876 0.4480 -1.2225 
52.5400 0.4536 -1.3041 
52.5927 0.4590 -1.3826 
52.6460 0.4641 -1.4581 
52.6998 0.4689 -1.5301 
52.7542 0.4735 -1.5984 
52.8093 0.4777 -1.6629 
52.8652 0.4816 -1.7231 
52.9220 0.4852 -1.7789 
52.9799 0.4885 -1.8298 
53.0390 0.4914 -1.8756 
53.0998 0.4940 -1.9158 
53.1624 0.4961 -1.9498 
53.2276 0.4979 -1.9772 
53.2962 0.4991 -1.9970 
53.3702 0.4998 -2.0078 
53.4488 0.4998 -2.0074 
53.5274 0.4990 -1.9946 
53.6060 0.4974 -1.9696 
53.6784 0.4953 -1.9358 
53.7455 0.4927 -1.8954 
53.8093 0.4898 -1.8492 
53.8708 0.4865 -1.7976 
53.9305 0.4829 -1.7409 
53.9887 0.4789 -1.6797 
54.0458 0.4746 -1.6143 
54.1019 0.4700 -1.5448 
54.1572 0.4651 -1.4717 
54.2117 0.4600 -1.3952 
54.2656 0.4545 -1.3155 
54.3189 0.4488 -1.2330 
54.3717 0.4429 -1.1477 
54.4241 0.4366 -1.0600 
54.4762 0.4301 -0.9701 
54.5278 0.4234 -0.8782 
54.5792 0.4165 -0.7845 
54.6304 0.4092 -0.6892 
54.6813 0.4018 -0.5926 
54.7320 0.3941 -0.4948 
54.7826 0.3862 -0.3961 
54.8330 0.3781 -0.2966 
54.8834 0.3698 -0.1966 
54.9337 0.3612 -0.0963 
54.9839 0.3524 0.0042 
55.0341 0.3434 0.1046 
55.0843 0.3342 0.2047 
55.1345 0.3247 0.3043 
55.1848 0.3150 0.4033 
55.2352 0.3052 0.5014 
55.2857 0.2951 0.5983 
55.3363 0.2848 0.6940 
55.3871 0.2743 0.7882 
55.4380 0.2635 0.8807 
55.4892 0.2526 0.9713 
55.5407 0.2414 1.0597 
55.5924 0.2300 1.1458 
55.6445 0.2183 1.2294 
55.6970 0.2064 1.3102 
55.7499 0.1943 1.3880 
55.8033 0.1820 1.4625 
55.8573 0.1693 1.5336 
55.9119 0.1564 1.6009 
55.9672 0.1432 1.6642 
56.0233 0.1297 1.7233 
56.0804 0.1159 1.7777 
56.1387 0.1017 1.8273 
56.1983 0.0871 1.8716 
56.2595 0.0719 1.9101 
56.3228 0.0563 1.9424 
56.3889 0.0398 1.9677 
56.4588 0.0224 1.9852 
56.5351 0.0033 1.9931 
56.6137 -0.0163 1.9891 
56.6923 -0.0360 1.9728 
56.7709 -0.0555 1.9443 
56.8414 -0.0730 1.9084 
56.9073 -0.0893 1.8663 
56.9703 -0.1047 1.8184 
57.0312 -0.1196 1.7653 
57.0904 -0.1339 1.7073 
57.1483 -0.1478 1.6448 
57.2051 -0.1613 1.5781 
57.2609 -0.1744 1.5076 
57.3159 -0.1872 1.4335 
57.3702 -0.1997 1.3560 
57.4239 -0.2120 1.2755 
57.4771 -0.2239 1.1921 
57.5298 -0.2356 1.1062 
57.5820 -0.2471 1.0178 
57.6340 -0.2583 0.9273 
57.6855 -0.2692 0.8349 
57.7369 -0.2800 0.7408 
57.7879 -0.2904 0.6451 
57.8388 -0.3007 0.5482 
57.8895 -0.3107 0.4501 
57.9400 -0.3205 0.3512 
57.9904 -0.3301 0.2516 
58.0407 -0.3394 0.1516 
58.0910 -0.3486 0.0513 
58.1412 -0.3574 -0.0491 
58.1914 -0.3661 -0.1494 
58.2416 -0.3745 -0.2493 
58.2919 -0.3827 -0.3487 
58.3422 -0.3907 -0.4473 
58.3926 -0.3985 -0.5450 
58.4431 -0.4060 -0.6415 
58.4937 -0.4132 -0.7367 
58.5446 -0.4203 -0.8303 
58.5956 -0.4270 -0.9221 
58.6469 -0.4336 -1.0120 
58.6984 -0.4398 -1.0997 
58.7503 -0.4459 -1.1850 
58.8025 -0.4516 -1.2676 
58.8551 -0.4571 -1.3474 
58.9082 -0.4623 -1.4241 
58.9617 -0.4673 -1.4975 
59.0159 -0.4719 -1.5674 
59.0707 -0.4763 -1.6334 
59.1262 -0.4803 -1.6954 
59.1827 -0.4840 -1.7530 
59.2401 -0.4875 -1.8059 
59.2988 -0.4905 -1.8537 
59.3588 -0.4932 -1.8962 
59.4207 -0.4955 -1.9328 
59.4848 -0.4974 -1.9629 
59.5519 -0.4989 -1.9858 
59.6234 -0.4998 -2.0004 
59.7021 -0.5001 -2.0047 
59.7806 -0.4996 -1.9967 
59.8592 -0.4983 -1.9763 
59.9346 -0.4963 -1.9453 
60.0034 -0.4939 -1.9074 
60.0684 -0.4912 -1.8634 
60.1307 -0.4880 -1.8138 
60.1910 -0.4845 -1.7591 
60.2498 -0.4806 -1.6996 
60.3073 -0.4765 -1.6358 
60.3637 -0.4720 -1.5678 
60.4193 -0.4672 -1.4961 
60.4741 -0.4621 -1.4209 
60.5282 -0.4568 -1.3424 
60.5817 -0.4512 -1.2610 
60.6347 -0.4453 -1.1767 
60.6873 -0.4392 -1.0900 
60.7395 -0.4328 -1.0009 
60.7913 -0.4262 -0.9097 
60.8428 -0.4193 -0.8167 
60.8940 -0.4122 -0.7220 
60.9450 -0.4048 -0.6259 
60.9958 -0.3973 -0.5286 
61.0464 -0.3894 -0.4302 
61.0969 -0.3814 -0.3310 
61.1473 -0.3731 -0.2312 
61.1976 -0.3646 -0.1310 
61.2478 -0.3559 -0.0306 
61.2981 -0.3470 0.0698 
61.3483 -0.3379 0.1701 
61.3985 -0.3285 0.2699 
61.4487 -0.3189 0.3691 
61.4991 -0.3091 0.4675 
61.5495 -0.2991 0.5649 
61.6001 -0.2889 0.6611 
61.6508 -0.2785 0.7559 
61.7017 -0.2678 0.8490 
61.7528 -0.2569 0.9403 
61.8041 -0.2458 1.0296 
61.8558 -0.2345 1.1166 
61.9077 -0.2229 1.2012 
61.9600 -0.2112 1.2830 
62.0128 -0.1991 1.3619 
62.0660 -0.1869 1.4377 
62.1197 -0.1743 1.5101 
62.1741 -0.1615 1.5789 
62.2291 -0.1485 1.6438 
62.2849 -0.1351 1.7045 
62.3416 -0.1214 1.7607 
62.3994 -0.1073 1.8122 
62.4585 -0.0929 1.8585 
62.5190 -0.0779 1.8993 
62.5815 -0.0625 1.9340 
62.6464 -0.0463 1.9621 
62.7147 -0.0293 1.9827 
62.7881 -0.0110 1.9945 
62.8667 0.0087 1.9953 
62.9452 0.0283 1.9837 
63.0238 0.0479 1.9598 
63.0969 0.0660 1.9267 
63.1644 0.0827 1.8870 
63.2284 0.0984 1.8414 
63.2901 0.1135 1.7903 
63.3499 0.1280 1.7342 
63.4083 0.1421 1.6735 
63.4655 0.1557 1.6084 
63.5217 0.1690 1.5394 
63.5770 0.1820 1.4667 
63.6316 0.1946 1.3905 
63.6855 0.2070 1.3112 
63.7389 0.2190 1.2289 
63.7918 0.2308 1.1440 
63.8442 0.2424 1.0566 
63.8962 0.2537 0.9669 
63.9480 0.2647 0.8752 
63.9994 0.2755 0.7817 
64.0505 0.2861 0.6866 
64.1015 0.2965 0.5902 
64.1522 0.3066 0.4925 
64.2028 0.3165 0.3939 
64.2533 0.3261 0.2946 
64.3036 0.3356 0.1947 
64.3539 0.3448 0.0944 
64.4041 0.3538 -0.0060 
64.4543 0.3625 -0.1063 
64.5045 0.3711 -0.2064 
64.5548 0.3794 -0.3060 
64.6050 0.3874 -0.4050 
64.6554 0.3953 -0.5031 
64.7059 0.4029 -0.6001 
64.7565 0.4102 -0.6959 
64.8072 0.4173 -0.7902 
64.8582 0.4242 -0.8828 
64.9094 0.4308 -0.9735 
64.9608 0.4372 -1.0621 
65.0125 0.4434 -1.1483 
65.0646 0.4492 -1.2321 
65.1170 0.4548 -1.3131 
65.1699 0.4601 -1.3911 
65.2232 0.4652 -1.4659 
65.2771 0.4700 -1.5372 
65.3317 0.4744 -1.6048 
65.3869 0.4786 -1.6685 
65.4430 0.4825 -1.7279 
65.5000 0.4860 -1.7827 
65.5581 0.4892 -1.8327 
65.6176 0.4921 -1.8774 
65.6787 0.4945 -1.9164 
65.7418 0.4966 -1.9492 
65.8076 0.4982 -1.9752 
65.8771 0.4994 -1.9933 
65.9526 0.4999 -2.0021 
66.0312 0.4998 -1.9992 
66.1098 0.4988 -1.9840 
66.1884 0.4971 -1.9565 
66.2595 0.4949 -1.9213 
66.3257 0.4922 -1.8797 
66.3890 0.4892 -1.8323 
66.4501 0.4858 -1.7796 
66.5094 0.4821 -1.7220 
66.5674 0.4781 -1.6599 
66.6243 0.4737 -1.5936 
66.6802 0.4691 -1.5234 
66.7353 0.4641 -1.4495 
66.7897 0.4589 -1.3724 
66.8434 0.4534 -1.2921 
66.8966 0.4476 -1.2089 
66.9494 0.4416 -1.1232 
67.0017 0.4353 -1.0350 
67.0536 0.4288 -0.9447 
67.1052 0.4220 -0.8524 
67.1566 0.4150 -0.7584 
67.2077 0.4077 -0.6628 
67.2585 0.4003 -0.5659 
67.3092 0.3925 -0.4680 
67.3598 0.3846 -0.3691 
67.4102 0.3764 -0.2695 
67.4605 0.3680 -0.1695 
67.5108 0.3594 -0.0691 
67.5610 0.3506 0.0313 
67.6112 0.3415 0.1316 
67.6614 0.3322 0.2316 
67.7117 0.3227 0.3311 
67.7620 0.3130 0.4298 
67.8123 0.3031 0.5277 
67.8629 0.2930 0.6244 
67.9135 0.2826 0.7197 
67.9643 0.2720 0.8135 
68.0153 0.2613 0.9056 
68.0666 0.2502 0.9957 
68.1181 0.2390 1.0837 
68.1699 0.2276 1.1692 
68.2221 0.2159 1.2522 
68.2746 0.2039 1.3323 
68.3277 0.1918 1.4094 
68.3812 0.1794 1.4832 
68.4353 0.1667 1.5534 
68.4900 0.1537 1.6199 
68.5455 0.1404 1.6823 
68.6018 0.1269 1.7404 
68.6592 0.1130 1.7938 
68.7177 0.0987 1.8422 
68.7776 0.0839 1.8853 
68.8392 0.0687 1.9225 
68.9031 0.0529 1.9533 
68.9698 0.0362 1.9771 
69.0409 0.0185 1.9926 
69.1192 -0.0011 1.9981 
69.1977 -0.0207 1.9913 
69.2763 -0.0403 1.9722 
69.3526 -0.0593 1.9420 
69.4219 -0.0764 1.9047 
69.4872 -0.0925 1.8613 
69.5497 -0.1078 1.8122 
69.6102 -0.1225 1.7580 
69.6691 -0.1368 1.6990 
69.7267 -0.1506 1.6356 
69.7833 -0.1640 1.5681 
69.8389 -0.1771 1.4968 
69.8938 -0.1898 1.4219 
69.9479 -0.2023 1.3438 
70.0015 -0.2145 1.2626 
70.0546 -0.2264 1.1786 
70.1072 -0.2380 1.0921 
70.1594 -0.2494 1.0033 
70.2112 -0.2605 0.9123 
70.2627 -0.2715 0.8195 
70.3140 -0.2821 0.7250 
70.3650 -0.2926 0.6291 
70.4158 -0.3028 0.5318 
70.4665 -0.3127 0.4336 
70.5170 -0.3225 0.3345 
70.5674 -0.3320 0.2348 
70.6177 -0.3413 0.1346 
70.6679 -0.3504 0.0343 
70.7181 -0.3592 -0.0661 
70.7683 -0.3678 -0.1664 
70.8185 -0.3762 -0.2662 
70.8688 -0.3844 -0.3655 
70.9191 -0.3923 -0.4639 
70.9695 -0.4000 -0.5614 
71.0201 -0.4075 -0.6577 
71.0708 -0.4147 -0.7526 
71.1217 -0.4216 -0.8458 
71.1727 -0.4284 -0.9373 
71.2241 -0.4348 -1.0268 
71.2757 -0.4411 -1.1140 
71.3276 -0.4470 -1.1987 
71.3799 -0.4527 -1.2808 
71.4326 -0.4582 -1.3600 
71.4857 -0.4633 -1.4361 
71.5394 -0.4682 -1.5088 
71.5937 -0.4728 -1.5779 
71.6487 -0.4771 -1.6431 
71.7044 -0.4811 -1.7042 
71.7610 -0.4847 -1.7608 
71.8187 -0.4881 -1.8127 
71.8776 -0.4911 -1.8595 
71.9381 -0.4937 -1.9008 
72.0003 -0.4959 -1.9361 
72.0650 -0.4977 -1.9648 
72.1329 -0.4991 -1.9861 
72.2057 -0.4999 -1.9988 
72.2843 -0.5000 -2.0006 
72.3628 -0.4993 -1.9901 
72.4414 -0.4979 -1.9673 
72.5151 -0.4958 -1.9349 
72.5830 -0.4934 -1.8957 
72.6474 -0.4905 -1.8506 
72.7092 -0.4873 -1.7999 
72.7692 -0.4837 -1.7443 
72.8277 -0.4798 -1.6839 
72.8850 -0.4755 -1.6192 
72.9413 -0.4710 -1.5506 
72.9967 -0.4662 -1.4781 
73.0513 -0.4611 -1.4023 
73.1053 -0.4557 -1.3232 
73.1587 -0.4500 -1.2412 
73.2116 -0.4441 -1.1564 
73.2641 -0.4379 -1.0692 
73.3162 -0.4315 -0.9797 
73.3680 -0.4248 -0.8882 
73.4194 -0.4179 -0.7948 
73.4706 -0.4107 -0.6999 
73.5215 -0.4033 -0.6035 
73.5723 -0.3957 -0.5059 
73.6229 -0.3878 -0.4074 
73.6734 -0.3797 -0.3081 
73.7237 -0.3714 -0.2082 
73.7740 -0.3629 -0.1080 
73.8242 -0.3541 -0.0075 
73.8744 -0.3452 0.0928 
73.9246 -0.3360 0.1930 
73.9749 -0.3266 0.2927 
74.0252 -0.3169 0.3917 
74.0755 -0.3071 0.4899 
74.1260 -0.2971 0.5871 
74.1765 -0.2868 0.6830 
74.2273 -0.2763 0.7775 
74.2782 -0.2656 0.8702 
74.3294 -0.2547 0.9612 
74.3808 -0.2435 1.0500 
74.4325 -0.2322 1.1365 
74.4845 -0.2206 1.2205 
74.5369 -0.2087 1.3018 
74.5897 -0.1967 1.3801 
74.6430 -0.1844 1.4552 
74.6969 -0.1718 1.5269 
74.7514 -0.1589 1.5949 
74.8065 -0.1458 1.6590 
74.8625 -0.1323 1.7188 
74.9195 -0.1186 1.7741 
74.9775 -0.1044 1.8245 
75.0368 -0.0899 1.8698 
75.0977 -0.0749 1.9093 
75.1606 -0.0593 1.9428 
75.2261 -0.0430 1.9694 
75.2952 -0.0258 1.9884 
75.3700 -0.0071 1.9982 
75.4486 0.0126 1.9965 
75.5272 0.0322 1.9824 
75.6058 0.0518 1.9561 
75.6774 0.0696 1.9216 
75.7441 0.0860 1.8806 
75.8076 0.1016 1.8338 
75.8689 0.1166 1.7816 
75.9284 0.1310 1.7245 
75.9865 0.1449 1.6629 
76.0435 0.1585 1.5970 
76.0995 0.1717 1.5272 
76.1546 0.1846 1.4537 
76.2091 0.1972 1.3769 
76.2629 0.2095 1.2969 
76.3161 0.2215 1.2140 
76.3689 0.2332 1.1285 
76.4213 0.2447 1.0406 
76.4733 0.2560 0.9505 
76.5249 0.2670 0.8584 
76.5763 0.2778 0.7646 
76.6274 0.2883 0.6692 
76.6783 0.2986 0.5725 
76.7290 0.3087 0.4746 
76.7795 0.3185 0.3758 
76.8300 0.3281 0.2763 
76.8803 0.3375 0.1763 
76.9306 0.3467 0.0760 
76.9808 0.3556 -0.0244 
77.0310 0.3643 -0.1247 
77.0812 0.3728 -0.2247 
77.1314 0.3811 -0.3243 
77.1817 0.3891 -0.4231 
77.2321 0.3969 -0.5210 
77.2826 0.4044 -0.6178 
77.3332 0.4117 -0.7133 
77.3840 0.4188 -0.8072 
77.4350 0.4256 -0.8995 
77.4863 0.4322 -0.9898 
77.5377 0.4385 -1.0779 
77.5895 0.4446 -1.1637 
77.6417 0.4504 -1.2469 
77.6942 0.4560 -1.3273 
77.7472 0.4612 -1.4047 
77.8006 0.4662 -1.4788 
77.8547 0.4709 -1.5494 
77.9093 0.4754 -1.6162 
77.9647 0.4795 -1.6791 
78.0210 0.4833 -1.7376 
78.0782 0.4867 -1.7914 
78.1366 0.4899 -1.8404 
78.1964 0.4926 -1.8839 
78.2578 0.4950 -1.9217 
78.3214 0.4970 -1.9532 
78.3878 0.4985 -1.9777 
78.4584 0.4996 -1.9941 
78.5357 0.5000 -2.0007 
78.6143 0.4996 -1.9952 
78.6928 0.4985 -1.9773 
78.7702 0.4967 -1.9479 
78.8401 0.4944 -1.9112 
78.9056 0.4917 -1.8684 
78.9683 0.4886 -1.8199 
79.0290 0.4851 -1.7661 
79.0881 0.4813 -1.7076 
79.1458 0.4772 -1.6446 
79.2025 0.4728 -1.5774 
79.2582 0.4681 -1.5064 
79.3131 0.4631 -1.4319 
79.3674 0.4578 -1.3541 
79.4210 0.4522 -1.2732 
79.4741 0.4464 -1.1895 
79.5267 0.4403 -1.1032 
79.5790 0.4340 -1.0146 
79.6308 0.4274 -0.9238 
79.6824 0.4206 -0.8311 
79.7337 0.4135 -0.7368 
79.7847 0.4062 -0.6409 
79.8356 0.3987 -0.5438 
79.8862 0.3909 -0.4457 
79.9367 0.3829 -0.3466 
79.9871 0.3747 -0.2470 
80.0000 0.3725 -0.2214 
