0.0000 0.0000 0.0000 0.0000 
0.0000 0.0000 0.0000 0.0000 
0.0000 0.0000 0.0000 0.0000 
0.0000 0.0000 0.0000 0.0000 
0.0002 0.0000 0.0000 0.0000 
0.0010 0.0000 0.0000 0.0000 
0.0038 0.0000 0.0000 0.0000 
0.0067 0.0000 0.0000 0.0001 
0.0096 0.0001 0.0000 0.0003 
0.0126 0.0002 0.0000 0.0005 
0.0155 0.0002 0.0000 0.0007 
0.0184 0.0003 0.0000 0.0010 
0.0213 0.0005 0.0000 0.0013 
0.0243 0.0006 0.0000 0.0017 
0.0275 0.0008 0.0000 0.0022 
0.0307 0.0010 0.0001 0.0028 
0.0338 0.0012 0.0001 0.0034 
0.0372 0.0015 0.0001 0.0041 
0.0406 0.0018 0.0001 0.0048 
0.0442 0.0021 0.0001 0.0057 
0.0479 0.0025 0.0001 0.0067 
0.0518 0.0029 0.0001 0.0078 
0.0558 0.0034 0.0002 0.0090 
0.0600 0.0039 0.0002 0.0104 
0.0643 0.0045 0.0002 0.0119 
0.0687 0.0052 0.0003 0.0136 
0.0733 0.0060 0.0003 0.0154 
0.0781 0.0068 0.0003 0.0174 
0.0830 0.0078 0.0004 0.0196 
0.0880 0.0088 0.0004 0.0219 
0.0932 0.0099 0.0005 0.0245 
0.0985 0.0111 0.0005 0.0272 
0.1039 0.0125 0.0006 0.0302 
0.1094 0.0139 0.0006 0.0333 
0.1149 0.0155 0.0007 0.0366 
0.1206 0.0171 0.0008 0.0401 
0.1264 0.0189 0.0009 0.0438 
0.1323 0.0208 0.0009 0.0478 
0.1383 0.0229 0.0010 0.0519 
0.1443 0.0251 0.0011 0.0562 
0.1505 0.0274 0.0012 0.0608 
0.1567 0.0299 0.0013 0.0656 
0.1630 0.0326 0.0014 0.0705 
0.1694 0.0354 0.0015 0.0757 
0.1759 0.0384 0.0017 0.0811 
0.1825 0.0415 0.0018 0.0867 
0.1891 0.0448 0.0019 0.0925 
0.1959 0.0483 0.0020 0.0985 
0.2027 0.0520 0.0022 0.1048 
0.2096 0.0559 0.0023 0.1112 
0.2165 0.0600 0.0025 0.1178 
0.2236 0.0642 0.0026 0.1246 
0.2307 0.0687 0.0028 0.1316 
0.2379 0.0734 0.0030 0.1388 
0.2452 0.0783 0.0031 0.1462 
0.2525 0.0834 0.0033 0.1538 
0.2599 0.0888 0.0035 0.1615 
0.2674 0.0943 0.0037 0.1694 
0.2750 0.1001 0.0039 0.1774 
0.2826 0.1061 0.0041 0.1856 
0.2903 0.1124 0.0043 0.1939 
0.2981 0.1189 0.0045 0.2024 
0.3060 0.1257 0.0047 0.2109 
0.3139 0.1326 0.0050 0.2196 
0.3219 0.1399 0.0052 0.2284 
0.3300 0.1474 0.0054 0.2373 
0.3381 0.1551 0.0057 0.2463 
0.3463 0.1631 0.0059 0.2553 
0.3546 0.1714 0.0062 0.2644 
0.3629 0.1799 0.0065 0.2735 
0.3713 0.1886 0.0067 0.2827 
0.3798 0.1977 0.0070 0.2919 
0.3884 0.2070 0.0073 0.3011 
0.3970 0.2165 0.0076 0.3102 
0.4057 0.2263 0.0079 0.3194 
0.4145 0.2364 0.0082 0.3285 
0.4233 0.2467 0.0085 0.3375 
0.4323 0.2573 0.0088 0.3465 
0.4413 0.2682 0.0091 0.3554 
0.4503 0.2793 0.0094 0.3641 
0.4595 0.2906 0.0097 0.3727 
0.4687 0.3022 0.0101 0.3812 
0.4780 0.3141 0.0104 0.3895 
0.4874 0.3262 0.0107 0.3977 
0.4968 0.3385 0.0111 0.4056 
0.5064 0.3511 0.0114 0.4133 
0.5160 0.3639 0.0118 0.4207 
0.5255 0.3767 0.0121 0.4277 
0.5351 0.3895 0.0125 0.4344 
0.5445 0.4024 0.0128 0.4407 
0.5540 0.4153 0.0131 0.4466 
0.5633 0.4283 0.0135 0.4522 
0.5727 0.4412 0.0138 0.4573 
0.5820 0.4541 0.0142 0.4620 
0.5913 0.4671 0.0145 0.4663 
0.6006 0.4800 0.0148 0.4702 
0.6099 0.4929 0.0152 0.4737 
0.6191 0.5057 0.0155 0.4767 
0.6283 0.5186 0.0158 0.4793 
0.6375 0.5314 0.0162 0.4815 
0.6467 0.5441 0.0165 0.4833 
0.6559 0.5568 0.0168 0.4846 
0.6651 0.5694 0.0171 0.4854 
0.6742 0.5819 0.0174 0.4858 
0.6834 0.5944 0.0177 0.4857 
0.6925 0.6067 0.0180 0.4851 
0.7016 0.6190 0.0184 0.4841 
0.7108 0.6311 0.0187 0.4826 
0.7199 0.6431 0.0190 0.4807 
0.7290 0.6550 0.0193 0.4782 
0.7382 0.6668 0.0195 0.4753 
0.7473 0.6784 0.0198 0.4719 
0.7564 0.6898 0.0201 0.4680 
0.7656 0.7011 0.0204 0.4636 
0.7747 0.7123 0.0207 0.4587 
0.7839 0.7232 0.0210 0.4533 
0.7931 0.7340 0.0212 0.4474 
0.8023 0.7445 0.0215 0.4410 
0.8115 0.7549 0.0218 0.4341 
0.8207 0.7650 0.0220 0.4267 
0.8299 0.7749 0.0223 0.4187 
0.8392 0.7845 0.0225 0.4103 
0.8484 0.7940 0.0228 0.4013 
0.8577 0.8031 0.0230 0.3918 
0.8670 0.8120 0.0232 0.3818 
0.8764 0.8206 0.0235 0.3713 
0.8858 0.8290 0.0237 0.3602 
0.8954 0.8372 0.0239 0.3484 
0.9051 0.8451 0.0241 0.3359 
0.9149 0.8527 0.0244 0.3228 
0.9248 0.8601 0.0246 0.3090 
0.9348 0.8671 0.0248 0.2946 
0.9450 0.8737 0.0250 0.2794 
0.9553 0.8800 0.0252 0.2635 
0.9657 0.8859 0.0254 0.2469 
0.9762 0.8914 0.0256 0.2296 
0.9868 0.8964 0.0258 0.2115 
0.9976 0.9009 0.0260 0.1927 
1.0085 0.9050 0.0261 0.1732 
1.0195 0.9085 0.0263 0.1528 
1.0306 0.9114 0.0265 0.1319 
1.0416 0.9136 0.0266 0.1106 
1.0525 0.9153 0.0268 0.0891 
1.0634 0.9163 0.0269 0.0672 
1.0742 0.9168 0.0270 0.0451 
1.0849 0.9166 0.0272 0.0227 
1.0956 0.9158 0.0273 0.0001 
1.1062 0.9144 0.0274 -0.0228 
1.1167 0.9124 0.0275 -0.0459 
1.1273 0.9099 0.0276 -0.0692 
1.1378 0.9067 0.0277 -0.0927 
1.1482 0.9029 0.0277 -0.1163 
1.1587 0.8986 0.0278 -0.1401 
1.1691 0.8937 0.0279 -0.1640 
1.1795 0.8881 0.0279 -0.1881 
1.1898 0.8821 0.0280 -0.2123 
1.2002 0.8754 0.0280 -0.2365 
1.2105 0.8681 0.0281 -0.2609 
1.2208 0.8603 0.0281 -0.2853 
1.2311 0.8519 0.0281 -0.3097 
1.2414 0.8429 0.0281 -0.3342 
1.2517 0.8334 0.0282 -0.3587 
1.2620 0.8233 0.0282 -0.3832 
1.2723 0.8126 0.0282 -0.4076 
1.2826 0.8014 0.0282 -0.4320 
1.2929 0.7896 0.0282 -0.4564 
1.3032 0.7772 0.0282 -0.4807 
1.3134 0.7643 0.0282 -0.5049 
1.3238 0.7507 0.0281 -0.5292 
1.3343 0.7364 0.0281 -0.5536 
1.3449 0.7214 0.0281 -0.5780 
1.3557 0.7057 0.0281 -0.6025 
1.3665 0.6892 0.0280 -0.6271 
1.3774 0.6721 0.0280 -0.6516 
1.3884 0.6541 0.0280 -0.6760 
1.3996 0.6355 0.0279 -0.7004 
1.4108 0.6160 0.0279 -0.7246 
1.4222 0.5958 0.0278 -0.7487 
1.4337 0.5749 0.0278 -0.7726 
1.4453 0.5532 0.0277 -0.7963 
1.4570 0.5306 0.0276 -0.8197 
1.4688 0.5074 0.0276 -0.8428 
1.4808 0.4833 0.0275 -0.8656 
1.4929 0.4584 0.0274 -0.8880 
1.5051 0.4328 0.0274 -0.9099 
1.5174 0.4064 0.0273 -0.9314 
1.5298 0.3793 0.0272 -0.9523 
1.5421 0.3520 0.0272 -0.9722 
1.5544 0.3244 0.0271 -0.9912 
1.5665 0.2965 0.0270 -1.0094 
1.5786 0.2684 0.0269 -1.0266 
1.5907 0.2400 0.0269 -1.0429 
1.6027 0.2115 0.0268 -1.0584 
1.6147 0.1827 0.0267 -1.0729 
1.6266 0.1537 0.0267 -1.0865 
1.6385 0.1246 0.0266 -1.0991 
1.6504 0.0953 0.0265 -1.1109 
1.6622 0.0659 0.0265 -1.1217 
1.6741 0.0363 0.0264 -1.1316 
1.6859 0.0067 0.0264 -1.1406 
1.6977 -0.0231 0.0263 -1.1486 
1.7095 -0.0529 0.0263 -1.1556 
1.7212 -0.0827 0.0262 -1.1617 
1.7330 -0.1126 0.0262 -1.1668 
1.7448 -0.1426 0.0261 -1.1709 
1.7566 -0.1725 0.0261 -1.1741 
1.7684 -0.2024 0.0261 -1.1763 
1.7802 -0.2323 0.0260 -1.1775 
1.7920 -0.2622 0.0260 -1.1777 
1.8038 -0.2920 0.0260 -1.1768 
1.8157 -0.3217 0.0260 -1.1750 
1.8276 -0.3513 0.0260 -1.1722 
1.8395 -0.3807 0.0260 -1.1683 
1.8514 -0.4101 0.0260 -1.1634 
1.8634 -0.4393 0.0260 -1.1574 
1.8754 -0.4683 0.0260 -1.1505 
1.8875 -0.4971 0.0260 -1.1424 
1.8995 -0.5258 0.0260 -1.1333 
1.9117 -0.5541 0.0260 -1.1231 
1.9239 -0.5823 0.0261 -1.1119 
1.9362 -0.6102 0.0261 -1.0995 
1.9485 -0.6377 0.0261 -1.0861 
1.9609 -0.6650 0.0262 -1.0715 
1.9733 -0.6920 0.0262 -1.0559 
1.9859 -0.7186 0.0263 -1.0391 
1.9985 -0.7448 0.0264 -1.0212 
2.0113 -0.7706 0.0265 -1.0021 
2.0241 -0.7960 0.0265 -0.9818 
2.0371 -0.8210 0.0266 -0.9603 
2.0501 -0.8455 0.0267 -0.9377 
2.0633 -0.8696 0.0268 -0.9138 
2.0767 -0.8931 0.0270 -0.8886 
2.0902 -0.9161 0.0271 -0.8621 
2.1039 -0.9385 0.0272 -0.8343 
2.1177 -0.9602 0.0274 -0.8054 
2.1314 -0.9809 0.0275 -0.7755 
2.1451 -1.0006 0.0277 -0.7449 
2.1588 -1.0193 0.0278 -0.7134 
2.1725 -1.0370 0.0280 -0.6811 
2.1862 -1.0537 0.0282 -0.6481 
2.1998 -1.0694 0.0283 -0.6145 
2.2134 -1.0840 0.0285 -0.5803 
2.2270 -1.0975 0.0287 -0.5455 
2.2406 -1.1100 0.0289 -0.5101 
2.2541 -1.1215 0.0291 -0.4742 
2.2676 -1.1318 0.0293 -0.4379 
2.2811 -1.1412 0.0295 -0.4011 
2.2946 -1.1494 0.0298 -0.3639 
2.3081 -1.1566 0.0300 -0.3263 
2.3217 -1.1627 0.0302 -0.2883 
2.3352 -1.1677 0.0304 -0.2500 
2.3487 -1.1716 0.0307 -0.2114 
2.3623 -1.1745 0.0309 -0.1725 
2.3759 -1.1763 0.0311 -0.1334 
2.3895 -1.1769 0.0314 -0.0940 
2.4032 -1.1765 0.0316 -0.0545 
2.4169 -1.1750 0.0319 -0.0148 
2.4306 -1.1723 0.0322 0.0250 
2.4444 -1.1685 0.0324 0.0649 
2.4583 -1.1636 0.0327 0.1049 
2.4722 -1.1576 0.0329 0.1449 
2.4862 -1.1504 0.0332 0.1850 
2.5003 -1.1420 0.0335 0.2250 
2.5144 -1.1325 0.0338 0.2649 
2.5287 -1.1218 0.0340 0.3048 
2.5429 -1.1100 0.0343 0.3442 
2.5570 -1.0972 0.0346 0.3830 
2.5711 -1.0835 0.0349 0.4209 
2.5850 -1.0688 0.0352 0.4582 
2.5989 -1.0532 0.0354 0.4948 
2.6127 -1.0368 0.0357 0.5306 
2.6265 -1.0194 0.0360 0.5656 
2.6402 -1.0012 0.0362 0.5999 
2.6539 -0.9822 0.0365 0.6334 
2.6675 -0.9624 0.0368 0.6662 
2.6811 -0.9419 0.0370 0.6981 
2.6947 -0.9205 0.0373 0.7293 
2.7083 -0.8984 0.0375 0.7596 
2.7218 -0.8756 0.0378 0.7891 
2.7354 -0.8521 0.0380 0.8178 
2.7489 -0.8279 0.0383 0.8456 
2.7625 -0.8030 0.0385 0.8725 
2.7760 -0.7774 0.0388 0.8985 
2.7896 -0.7512 0.0390 0.9236 
2.8032 -0.7244 0.0392 0.9478 
2.8168 -0.6970 0.0395 0.9710 
2.8305 -0.6689 0.0397 0.9933 
2.8442 -0.6403 0.0399 1.0146 
2.8579 -0.6112 0.0401 1.0350 
2.8717 -0.5814 0.0403 1.0543 
2.8855 -0.5512 0.0406 1.0726 
2.8993 -0.5204 0.0408 1.0899 
2.9133 -0.4890 0.0410 1.1061 
2.9273 -0.4572 0.0412 1.1212 
2.9413 -0.4249 0.0414 1.1353 
2.9555 -0.3921 0.0416 1.1482 
2.9698 -0.3589 0.0418 1.1600 
2.9841 -0.3252 0.0420 1.1706 
2.9985 -0.2912 0.0421 1.1800 
3.0130 -0.2568 0.0423 1.1882 
3.0275 -0.2221 0.0425 1.1951 
3.0421 -0.1872 0.0427 1.2008 
3.0569 -0.1520 0.0428 1.2052 
3.0717 -0.1165 0.0430 1.2083 
3.0866 -0.0807 0.0432 1.2100 
3.1017 -0.0448 0.0433 1.2105 
3.1169 -0.0086 0.0435 1.2096 
3.1321 0.0275 0.0436 1.2073 
3.1473 0.0634 0.0438 1.2037 
3.1624 0.0990 0.0439 1.1987 
3.1776 0.1342 0.0440 1.1925 
3.1927 0.1692 0.0442 1.1849 
3.2078 0.2039 0.0443 1.1761 
3.2230 0.2383 0.0444 1.1661 
3.2381 0.2722 0.0445 1.1548 
3.2533 0.3058 0.0446 1.1423 
3.2684 0.3388 0.0447 1.1286 
3.2835 0.3713 0.0448 1.1138 
3.2986 0.4033 0.0449 1.0980 
3.3136 0.4347 0.0450 1.0810 
3.3287 0.4655 0.0451 1.0629 
3.3438 0.4958 0.0452 1.0438 
3.3589 0.5255 0.0453 1.0237 
3.3740 0.5545 0.0454 1.0026 
3.3892 0.5830 0.0454 0.9805 
3.4044 0.6108 0.0455 0.9574 
3.4196 0.6379 0.0456 0.9334 
3.4349 0.6644 0.0457 0.9084 
3.4503 0.6902 0.0457 0.8825 
3.4657 0.7152 0.0458 0.8557 
3.4811 0.7396 0.0459 0.8280 
3.4967 0.7631 0.0459 0.7994 
3.5123 0.7860 0.0460 0.7700 
3.5281 0.8080 0.0461 0.7397 
3.5439 0.8291 0.0461 0.7087 
3.5595 0.8492 0.0462 0.6773 
3.5751 0.8681 0.0463 0.6457 
3.5905 0.8859 0.0463 0.6137 
3.6058 0.9026 0.0464 0.5816 
3.6211 0.9184 0.0465 0.5491 
3.6363 0.9331 0.0465 0.5165 
3.6515 0.9468 0.0466 0.4837 
3.6665 0.9594 0.0467 0.4507 
3.6816 0.9712 0.0467 0.4175 
3.6966 0.9819 0.0468 0.3842 
3.7116 0.9916 0.0469 0.3508 
3.7266 1.0004 0.0469 0.3173 
3.7416 1.0083 0.0470 0.2837 
3.7566 1.0151 0.0471 0.2501 
3.7715 1.0211 0.0472 0.2164 
3.7865 1.0260 0.0472 0.1827 
3.8015 1.0301 0.0473 0.1490 
3.8166 1.0331 0.0474 0.1153 
3.8316 1.0353 0.0475 0.0816 
3.8467 1.0365 0.0476 0.0480 
3.8619 1.0367 0.0477 0.0145 
3.8771 1.0360 0.0478 -0.0190 
3.8923 1.0343 0.0479 -0.0524 
3.9076 1.0316 0.0480 -0.0856 
3.9230 1.0280 0.0481 -0.1187 
3.9385 1.0234 0.0482 -0.1517 
3.9541 1.0179 0.0483 -0.1845 
3.9698 1.0113 0.0485 -0.2171 
3.9856 1.0037 0.0486 -0.2495 
4.0014 0.9952 0.0487 -0.2817 
4.0174 0.9856 0.0488 -0.3135 
4.0335 0.9750 0.0490 -0.3450 
4.0496 0.9634 0.0491 -0.3761 
4.0659 0.9508 0.0493 -0.4069 
4.0823 0.9372 0.0494 -0.4372 
4.0989 0.9225 0.0496 -0.4671 
4.1156 0.9068 0.0498 -0.4966 
4.1324 0.8900 0.0499 -0.5255 
4.1491 0.8724 0.0501 -0.5536 
4.1659 0.8539 0.0503 -0.5809 
4.1826 0.8347 0.0505 -0.6073 
4.1993 0.8146 0.0506 -0.6329 
4.2160 0.7938 0.0508 -0.6577 
4.2327 0.7722 0.0510 -0.6816 
4.2494 0.7498 0.0512 -0.7046 
4.2661 0.7266 0.0514 -0.7268 
4.2829 0.7028 0.0516 -0.7481 
4.2998 0.6782 0.0518 -0.7685 
4.3166 0.6529 0.0520 -0.7881 
4.3336 0.6269 0.0522 -0.8068 
4.3506 0.6001 0.0524 -0.8245 
4.3677 0.5728 0.0527 -0.8413 
4.3847 0.5449 0.0529 -0.8571 
4.4019 0.5164 0.0531 -0.8720 
4.4190 0.4874 0.0533 -0.8858 
4.4362 0.4578 0.0536 -0.8986 
4.4535 0.4277 0.0538 -0.9105 
4.4709 0.3970 0.0540 -0.9213 
4.4884 0.3658 0.0542 -0.9311 
4.5059 0.3341 0.0545 -0.9398 
4.5236 0.3019 0.0547 -0.9475 
4.5412 0.2697 0.0550 -0.9541 
4.5586 0.2375 0.0552 -0.9595 
4.5758 0.2055 0.0554 -0.9637 
4.5929 0.1736 0.0557 -0.9670 
4.6099 0.1417 0.0559 -0.9691 
4.6268 0.1100 0.0561 -0.9703 
4.6436 0.0784 0.0563 -0.9705 
4.6603 0.0469 0.0566 -0.9696 
4.6770 0.0156 0.0568 -0.9679 
4.6936 -0.0157 0.0570 -0.9652 
4.7102 -0.0468 0.0572 -0.9615 
4.7268 -0.0777 0.0574 -0.9570 
4.7433 -0.1085 0.0577 -0.9515 
4.7598 -0.1391 0.0579 -0.9452 
4.7764 -0.1695 0.0581 -0.9379 
4.7929 -0.1998 0.0583 -0.9298 
4.8095 -0.2298 0.0585 -0.9208 
4.8261 -0.2596 0.0587 -0.9109 
4.8427 -0.2892 0.0589 -0.9001 
4.8594 -0.3185 0.0591 -0.8885 
4.8761 -0.3476 0.0593 -0.8760 
4.8929 -0.3764 0.0595 -0.8626 
4.9098 -0.4049 0.0597 -0.8483 
4.9267 -0.4331 0.0599 -0.8331 
4.9438 -0.4610 0.0601 -0.8171 
4.9610 -0.4885 0.0603 -0.8001 
4.9783 -0.5157 0.0605 -0.7822 
4.9957 -0.5425 0.0607 -0.7634 
5.0133 -0.5689 0.0609 -0.7436 
5.0310 -0.5948 0.0611 -0.7230 
5.0488 -0.6202 0.0613 -0.7014 
5.0667 -0.6450 0.0615 -0.6790 
5.0847 -0.6693 0.0617 -0.6556 
5.1030 -0.6929 0.0619 -0.6313 
5.1214 -0.7159 0.0621 -0.6061 
5.1400 -0.7383 0.0622 -0.5799 
5.1585 -0.7596 0.0624 -0.5531 
5.1770 -0.7799 0.0626 -0.5257 
5.1954 -0.7992 0.0628 -0.4978 
5.2139 -0.8175 0.0630 -0.4694 
5.2323 -0.8348 0.0631 -0.4404 
5.2508 -0.8510 0.0633 -0.4108 
5.2693 -0.8662 0.0635 -0.3807 
5.2878 -0.8803 0.0636 -0.3502 
5.3064 -0.8934 0.0638 -0.3191 
5.3250 -0.9053 0.0639 -0.2875 
5.3437 -0.9162 0.0641 -0.2555 
5.3625 -0.9259 0.0643 -0.2230 
5.3814 -0.9344 0.0644 -0.1900 
5.4004 -0.9417 0.0646 -0.1566 
5.4195 -0.9478 0.0647 -0.1227 
5.4388 -0.9527 0.0649 -0.0883 
5.4583 -0.9562 0.0650 -0.0535 
5.4780 -0.9584 0.0652 -0.0183 
5.4978 -0.9593 0.0654 0.0174 
5.5178 -0.9587 0.0655 0.0533 
5.5375 -0.9567 0.0657 0.0886 
5.5569 -0.9533 0.0658 0.1234 
5.5761 -0.9487 0.0660 0.1577 
5.5951 -0.9428 0.0661 0.1914 
5.6140 -0.9356 0.0663 0.2247 
5.6327 -0.9273 0.0664 0.2575 
5.6513 -0.9178 0.0666 0.2898 
5.6698 -0.9071 0.0667 0.3217 
5.6883 -0.8953 0.0669 0.3531 
5.7067 -0.8823 0.0670 0.3840 
5.7250 -0.8682 0.0672 0.4144 
5.7433 -0.8531 0.0673 0.4443 
5.7616 -0.8368 0.0675 0.4737 
5.7799 -0.8194 0.0676 0.5025 
5.7982 -0.8009 0.0678 0.5308 
5.8165 -0.7814 0.0679 0.5586 
5.8349 -0.7608 0.0681 0.5857 
5.8533 -0.7391 0.0682 0.6122 
5.8717 -0.7164 0.0684 0.6381 
5.8902 -0.6926 0.0685 0.6633 
5.9088 -0.6677 0.0687 0.6878 
5.9275 -0.6418 0.0689 0.7116 
5.9463 -0.6148 0.0690 0.7347 
5.9652 -0.5867 0.0692 0.7569 
5.9843 -0.5575 0.0694 0.7784 
6.0035 -0.5273 0.0696 0.7990 
6.0229 -0.4959 0.0697 0.8187 
6.0425 -0.4635 0.0699 0.8375 
6.0622 -0.4302 0.0701 0.8552 
6.0821 -0.3958 0.0703 0.8718 
6.1021 -0.3604 0.0705 0.8873 
6.1224 -0.3240 0.0707 0.9016 
6.1429 -0.2866 0.0709 0.9146 
6.1635 -0.2485 0.0711 0.9263 
6.1840 -0.2100 0.0713 0.9365 
6.2045 -0.1711 0.0715 0.9451 
6.2250 -0.1319 0.0718 0.9523 
6.2455 -0.0925 0.0720 0.9579 
6.2659 -0.0529 0.0722 0.9619 
6.2864 -0.0131 0.0724 0.9644 
6.3068 0.0269 0.0726 0.9654 
6.3273 0.0669 0.0729 0.9647 
6.3479 0.1069 0.0731 0.9625 
6.3685 0.1470 0.0733 0.9587 
6.3893 0.1871 0.0735 0.9532 
6.4101 0.2272 0.0738 0.9460 
6.4311 0.2672 0.0740 0.9372 
6.4522 0.3071 0.0742 0.9266 
6.4735 0.3468 0.0745 0.9142 
6.4950 0.3864 0.0747 0.9000 
6.5168 0.4258 0.0750 0.8839 
6.5388 0.4649 0.0752 0.8659 
6.5606 0.5027 0.0754 0.8465 
6.5820 0.5390 0.0757 0.8257 
6.6032 0.5740 0.0759 0.8036 
6.6241 0.6077 0.0762 0.7802 
6.6449 0.6401 0.0764 0.7557 
6.6656 0.6713 0.0766 0.7299 
6.6862 0.7012 0.0769 0.7029 
6.7066 0.7298 0.0771 0.6749 
6.7270 0.7571 0.0773 0.6457 
6.7474 0.7832 0.0775 0.6154 
6.7677 0.8079 0.0778 0.5841 
6.7880 0.8313 0.0780 0.5518 
6.8084 0.8534 0.0782 0.5184 
6.8287 0.8740 0.0784 0.4841 
6.8491 0.8933 0.0787 0.4489 
6.8695 0.9112 0.0789 0.4127 
6.8900 0.9275 0.0791 0.3756 
6.9106 0.9424 0.0793 0.3376 
6.9314 0.9557 0.0796 0.2987 
6.9522 0.9675 0.0798 0.2590 
6.9732 0.9776 0.0800 0.2185 
6.9944 0.9861 0.0802 0.1771 
7.0157 0.9928 0.0804 0.1350 
7.0372 0.9977 0.0807 0.0922 
7.0589 1.0008 0.0809 0.0489 
7.0808 1.0019 0.0811 0.0050 
7.1026 1.0011 0.0813 -0.0390 
7.1243 0.9984 0.0816 -0.0826 
7.1458 0.9938 0.0818 -0.1258 
7.1672 0.9874 0.0820 -0.1686 
7.1885 0.9791 0.0822 -0.2109 
7.2097 0.9691 0.0824 -0.2527 
7.2308 0.9574 0.0826 -0.2940 
7.2519 0.9439 0.0828 -0.3347 
7.2729 0.9288 0.0830 -0.3748 
7.2940 0.9119 0.0832 -0.4142 
7.3150 0.8934 0.0834 -0.4530 
7.3360 0.8733 0.0836 -0.4910 
7.3571 0.8515 0.0838 -0.5282 
7.3782 0.8281 0.0840 -0.5645 
7.3994 0.8032 0.0842 -0.6000 
7.4207 0.7766 0.0844 -0.6345 
7.4421 0.7484 0.0846 -0.6680 
7.4636 0.7187 0.0848 -0.7005 
7.4852 0.6874 0.0850 -0.7319 
7.5069 0.6546 0.0852 -0.7621 
7.5289 0.6202 0.0854 -0.7910 
7.5510 0.5842 0.0856 -0.8187 
7.5734 0.5466 0.0858 -0.8450 
7.5961 0.5074 0.0860 -0.8699 
7.6190 0.4666 0.0862 -0.8932 
7.6422 0.4245 0.0865 -0.9147 
7.6651 0.3817 0.0867 -0.9342 
7.6880 0.3383 0.0869 -0.9515 
7.7107 0.2944 0.0871 -0.9667 
7.7334 0.2499 0.0873 -0.9798 
7.7560 0.2051 0.0875 -0.9909 
7.7786 0.1599 0.0877 -0.9998 
7.8012 0.1145 0.0879 -1.0066 
7.8237 0.0687 0.0881 -1.0114 
7.8463 0.0229 0.0884 -1.0140 
7.8689 -0.0231 0.0886 -1.0144 
7.8915 -0.0691 0.0888 -1.0128 
7.9142 -0.1151 0.0890 -1.0090 
7.9369 -0.1609 0.0892 -1.0030 
7.9597 -0.2067 0.0894 -0.9949 
7.9827 -0.2521 0.0897 -0.9845 
8.0057 -0.2973 0.0899 -0.9720 
8.0289 -0.3421 0.0901 -0.9572 
8.0523 -0.3864 0.0903 -0.9402 
8.0758 -0.4303 0.0906 -0.9210 
8.0996 -0.4735 0.0908 -0.8994 
8.1236 -0.5160 0.0910 -0.8755 
8.1478 -0.5577 0.0913 -0.8493 
8.1717 -0.5976 0.0915 -0.8214 
8.1953 -0.6356 0.0918 -0.7920 
8.2187 -0.6718 0.0920 -0.7610 
8.2419 -0.7062 0.0922 -0.7287 
8.2649 -0.7389 0.0925 -0.6950 
8.2878 -0.7697 0.0927 -0.6600 
8.3106 -0.7988 0.0929 -0.6237 
8.3333 -0.8261 0.0932 -0.5863 
8.3559 -0.8516 0.0934 -0.5478 
8.3785 -0.8753 0.0936 -0.5083 
8.4011 -0.8971 0.0939 -0.4677 
8.4236 -0.9171 0.0941 -0.4262 
8.4461 -0.9351 0.0943 -0.3839 
8.4687 -0.9513 0.0946 -0.3407 
8.4913 -0.9655 0.0948 -0.2968 
8.5139 -0.9777 0.0951 -0.2522 
8.5366 -0.9879 0.0953 -0.2069 
8.5594 -0.9961 0.0955 -0.1611 
8.5823 -1.0022 0.0958 -0.1148 
8.6053 -1.0062 0.0960 -0.0680 
8.6284 -1.0081 0.0963 -0.0208 
8.6517 -1.0078 0.0965 0.0267 
8.6752 -1.0052 0.0967 0.0744 
8.6988 -1.0004 0.0970 0.1224 
8.7226 -0.9932 0.0972 0.1705 
8.7467 -0.9837 0.0975 0.2186 
8.7711 -0.9717 0.0977 0.2667 
8.7958 -0.9572 0.0980 0.3147 
8.8206 -0.9402 0.0983 0.3624 
8.8456 -0.9209 0.0985 0.4091 
8.8706 -0.8991 0.0988 0.4550 
8.8957 -0.8751 0.0990 0.4998 
8.9209 -0.8486 0.0993 0.5436 
8.9463 -0.8198 0.0996 0.5862 
8.9718 -0.7889 0.0998 0.6273 
8.9971 -0.7560 0.1001 0.6666 
9.0224 -0.7213 0.1003 0.7041 
9.0477 -0.6849 0.1006 0.7396 
9.0729 -0.6467 0.1008 0.7732 
9.0981 -0.6069 0.1011 0.8048 
9.1234 -0.5655 0.1013 0.8343 
9.1486 -0.5227 0.1016 0.8617 
9.1739 -0.4785 0.1019 0.8869 
9.1993 -0.4330 0.1021 0.9098 
9.2247 -0.3863 0.1024 0.9304 
9.2502 -0.3385 0.1026 0.9486 
9.2757 -0.2899 0.1029 0.9643 
9.3010 -0.2407 0.1031 0.9775 
9.3263 -0.1911 0.1034 0.9881 
9.3516 -0.1411 0.1036 0.9961 
9.3767 -0.0910 0.1039 1.0016 
9.4019 -0.0407 0.1041 1.0045 
9.4270 0.0097 0.1043 1.0049 
9.4521 0.0600 0.1046 1.0027 
9.4772 0.1101 0.1048 0.9981 
9.5023 0.1599 0.1051 0.9909 
9.5275 0.2093 0.1053 0.9812 
9.5526 0.2583 0.1056 0.9690 
9.5779 0.3067 0.1058 0.9543 
9.6032 0.3545 0.1061 0.9372 
9.6286 0.4014 0.1063 0.9176 
9.6540 0.4475 0.1066 0.8956 
9.6796 0.4926 0.1068 0.8711 
9.7054 0.5366 0.1071 0.8443 
9.7312 0.5795 0.1073 0.8151 
9.7573 0.6210 0.1076 0.7835 
9.7835 0.6611 0.1078 0.7495 
9.8100 0.6997 0.1081 0.7133 
9.8366 0.7367 0.1083 0.6747 
9.8635 0.7718 0.1086 0.6339 
9.8900 0.8043 0.1089 0.5919 
9.9164 0.8343 0.1091 0.5485 
9.9425 0.8617 0.1094 0.5041 
9.9685 0.8867 0.1096 0.4586 
9.9943 0.9091 0.1099 0.4122 
10.0199 0.9290 0.1101 0.3649 
10.0454 0.9464 0.1104 0.3170 
10.0709 0.9613 0.1106 0.2685 
10.0962 0.9737 0.1109 0.2195 
10.1215 0.9835 0.1111 0.1701 
10.1467 0.9909 0.1114 0.1204 
10.1718 0.9957 0.1116 0.0705 
10.1969 0.9980 0.1119 0.0205 
10.2220 0.9979 0.1122 -0.0295 
10.2471 0.9952 0.1124 -0.0794 
10.2723 0.9900 0.1127 -0.1291 
10.2974 0.9823 0.1129 -0.1785 
10.3225 0.9722 0.1132 -0.2274 
10.3477 0.9596 0.1134 -0.2759 
10.3730 0.9445 0.1137 -0.3238 
10.3983 0.9270 0.1139 -0.3710 
10.4238 0.9070 0.1142 -0.4174 
10.4493 0.8846 0.1144 -0.4629 
10.4749 0.8598 0.1147 -0.5074 
10.5007 0.8326 0.1150 -0.5508 
10.5266 0.8030 0.1152 -0.5929 
10.5527 0.7711 0.1155 -0.6338 
10.5791 0.7368 0.1158 -0.6732 
10.6056 0.7001 0.1160 -0.7111 
10.6324 0.6611 0.1163 -0.7473 
10.6591 0.6203 0.1166 -0.7813 
10.6856 0.5782 0.1169 -0.8128 
10.7119 0.5348 0.1171 -0.8419 
10.7379 0.4903 0.1174 -0.8684 
10.7638 0.4447 0.1176 -0.8924 
10.7895 0.3983 0.1179 -0.9139 
10.8151 0.3511 0.1182 -0.9329 
10.8406 0.3031 0.1184 -0.9495 
10.8660 0.2546 0.1187 -0.9635 
10.8913 0.2056 0.1189 -0.9750 
10.9165 0.1562 0.1192 -0.9840 
10.9417 0.1064 0.1194 -0.9906 
10.9669 0.0565 0.1197 -0.9946 
10.9920 0.0066 0.1200 -0.9961 
11.0171 -0.0434 0.1202 -0.9952 
11.0422 -0.0933 0.1205 -0.9917 
11.0673 -0.1430 0.1207 -0.9858 
11.0924 -0.1923 0.1210 -0.9774 
11.1176 -0.2413 0.1212 -0.9665 
11.1428 -0.2897 0.1215 -0.9531 
11.1681 -0.3376 0.1217 -0.9373 
11.1935 -0.3847 0.1220 -0.9190 
11.2190 -0.4310 0.1222 -0.8983 
11.2445 -0.4764 0.1225 -0.8752 
11.2702 -0.5207 0.1227 -0.8497 
11.2960 -0.5639 0.1230 -0.8218 
11.3220 -0.6059 0.1233 -0.7915 
11.3482 -0.6466 0.1235 -0.7588 
11.3746 -0.6858 0.1238 -0.7238 
11.4013 -0.7234 0.1240 -0.6864 
11.4282 -0.7593 0.1243 -0.6466 
11.4548 -0.7927 0.1246 -0.6054 
11.4812 -0.8236 0.1248 -0.5629 
11.5074 -0.8520 0.1251 -0.5192 
11.5333 -0.8779 0.1254 -0.4744 
11.5592 -0.9012 0.1256 -0.4286 
11.5848 -0.9221 0.1259 -0.3819 
11.6104 -0.9405 0.1261 -0.3345 
11.6358 -0.9563 0.1264 -0.2863 
11.6612 -0.9696 0.1266 -0.2376 
11.6865 -0.9805 0.1269 -0.1885 
11.7117 -0.9888 0.1271 -0.1389 
11.7369 -0.9945 0.1274 -0.0891 
11.7620 -0.9978 0.1276 -0.0392 
11.7871 -0.9985 0.1279 0.0109 
11.8122 -0.9968 0.1281 0.0609 
11.8373 -0.9925 0.1284 0.1107 
11.8624 -0.9857 0.1286 0.1604 
11.8876 -0.9764 0.1289 0.2096 
11.9128 -0.9647 0.1291 0.2585 
11.9380 -0.9504 0.1294 0.3068 
11.9633 -0.9337 0.1296 0.3544 
11.9887 -0.9145 0.1299 0.4014 
12.0142 -0.8929 0.1301 0.4474 
12.0398 -0.8688 0.1304 0.4925 
12.0656 -0.8423 0.1306 0.5366 
12.0915 -0.8134 0.1309 0.5795 
12.1176 -0.7821 0.1312 0.6211 
12.1438 -0.7484 0.1314 0.6613 
12.1703 -0.7123 0.1317 0.7000 
12.1970 -0.6738 0.1319 0.7371 
12.2238 -0.6334 0.1322 0.7722 
12.2504 -0.5915 0.1325 0.8048 
12.2767 -0.5484 0.1327 0.8348 
12.3028 -0.5040 0.1330 0.8624 
12.3287 -0.4586 0.1333 0.8874 
12.3544 -0.4123 0.1335 0.9099 
12.3801 -0.3651 0.1338 0.9299 
12.4056 -0.3172 0.1340 0.9474 
12.4310 -0.2686 0.1343 0.9624 
12.4563 -0.2195 0.1345 0.9749 
12.4816 -0.1700 0.1348 0.9848 
12.5068 -0.1201 0.1351 0.9922 
12.5319 -0.0700 0.1353 0.9971 
12.5570 -0.0198 0.1356 0.9994 
12.5822 0.0304 0.1358 0.9992 
12.6073 0.0805 0.1361 0.9965 
12.6324 0.1305 0.1363 0.9913 
12.6575 0.1801 0.1366 0.9836 
12.6827 0.2294 0.1368 0.9734 
12.7079 0.2782 0.1371 0.9607 
12.7331 0.3264 0.1373 0.9455 
12.7585 0.3739 0.1376 0.9278 
12.7839 0.4206 0.1378 0.9076 
12.8095 0.4665 0.1381 0.8850 
12.8351 0.5113 0.1384 0.8600 
12.8609 0.5550 0.1386 0.8325 
12.8869 0.5974 0.1389 0.8027 
12.9130 0.6386 0.1391 0.7704 
12.9394 0.6783 0.1394 0.7357 
12.9659 0.7164 0.1397 0.6987 
12.9928 0.7529 0.1399 0.6592 
13.0195 0.7870 0.1402 0.6182 
13.0459 0.8186 0.1405 0.5757 
13.0721 0.8476 0.1407 0.5320 
13.0982 0.8742 0.1410 0.4872 
13.1240 0.8982 0.1413 0.4413 
13.1497 0.9197 0.1415 0.3946 
13.1753 0.9386 0.1418 0.3470 
13.2008 0.9551 0.1420 0.2987 
13.2262 0.9690 0.1423 0.2499 
13.2515 0.9804 0.1425 0.2005 
13.2767 0.9892 0.1428 0.1508 
13.3019 0.9956 0.1430 0.1008 
13.3270 0.9993 0.1433 0.0506 
13.3521 1.0006 0.1435 0.0003 
13.3772 0.9993 0.1438 -0.0500 
13.4023 0.9956 0.1440 -0.1001 
13.4274 0.9893 0.1443 -0.1500 
13.4526 0.9805 0.1445 -0.1996 
13.4778 0.9691 0.1448 -0.2488 
13.5030 0.9553 0.1450 -0.2974 
13.5283 0.9391 0.1453 -0.3454 
13.5537 0.9203 0.1455 -0.3926 
13.5791 0.8991 0.1458 -0.4390 
13.6047 0.8754 0.1461 -0.4845 
13.6304 0.8494 0.1463 -0.5289 
13.6563 0.8209 0.1466 -0.5722 
13.6823 0.7900 0.1468 -0.6142 
13.7085 0.7567 0.1471 -0.6548 
13.7350 0.7210 0.1473 -0.6939 
13.7616 0.6830 0.1476 -0.7314 
13.7885 0.6427 0.1479 -0.7670 
13.8151 0.6010 0.1481 -0.8002 
13.8414 0.5580 0.1484 -0.8307 
13.8676 0.5138 0.1487 -0.8588 
13.8935 0.4685 0.1489 -0.8843 
13.9193 0.4223 0.1492 -0.9073 
13.9450 0.3752 0.1494 -0.9278 
13.9705 0.3273 0.1497 -0.9458 
13.9960 0.2788 0.1500 -0.9612 
14.0213 0.2297 0.1502 -0.9741 
14.0466 0.1802 0.1505 -0.9845 
14.0718 0.1304 0.1507 -0.9923 
14.0970 0.0803 0.1510 -0.9976 
14.1221 0.0301 0.1512 -1.0004 
14.1472 -0.0201 0.1515 -1.0007 
14.1723 -0.0703 0.1517 -0.9984 
14.1974 -0.1203 0.1520 -0.9936 
14.2225 -0.1701 0.1522 -0.9863 
14.2477 -0.2195 0.1525 -0.9764 
14.2729 -0.2684 0.1527 -0.9641 
14.2981 -0.3167 0.1530 -0.9493 
14.3235 -0.3644 0.1532 -0.9320 
14.3489 -0.4112 0.1535 -0.9123 
14.3744 -0.4572 0.1537 -0.8901 
14.4000 -0.5022 0.1540 -0.8655 
14.4258 -0.5461 0.1543 -0.8384 
14.4517 -0.5888 0.1545 -0.8090 
14.4778 -0.6302 0.1548 -0.7771 
14.5041 -0.6702 0.1550 -0.7429 
14.5306 -0.7086 0.1553 -0.7063 
14.5574 -0.7454 0.1556 -0.6673 
14.5841 -0.7800 0.1558 -0.6264 
14.6106 -0.8121 0.1561 -0.5842 
14.6369 -0.8416 0.1564 -0.5407 
14.6630 -0.8686 0.1566 -0.4961 
14.6889 -0.8931 0.1569 -0.4504 
14.7146 -0.9151 0.1571 -0.4039 
14.7402 -0.9346 0.1574 -0.3564 
14.7657 -0.9515 0.1577 -0.3083 
14.7911 -0.9660 0.1579 -0.2596 
14.8164 -0.9779 0.1582 -0.2104 
14.8417 -0.9872 0.1584 -0.1607 
14.8669 -0.9940 0.1587 -0.1108 
14.8920 -0.9984 0.1589 -0.0607 
14.9171 -1.0001 0.1592 -0.0104 
14.9422 -0.9994 0.1594 0.0398 
14.9673 -0.9961 0.1597 0.0899 
14.9924 -0.9904 0.1599 0.1398 
15.0000 -0.9881 0.1600 0.1548 
