0.0000 0.0000 0.0000 0.0000 
0.0000 0.0000 0.0000 0.0000 
0.0000 0.0000 0.0000 0.0000 
0.0000 0.0000 0.0000 0.0000 
0.0000 0.0000 0.0000 0.0000 
0.0000 0.0000 0.0000 0.0000 
0.0000 0.0000 0.0000 0.0000 
0.0001 0.0000 0.0000 0.0000 
0.0003 0.0000 0.0000 0.0000 
0.0004 0.0000 0.0000 0.0001 
0.0006 0.0000 0.0000 0.0002 
0.0007 0.0000 0.0000 0.0002 
0.0008 0.0001 0.0000 0.0003 
0.0010 0.0001 0.0000 0.0005 
0.0011 0.0001 0.0000 0.0006 
0.0013 0.0002 0.0000 0.0008 
0.0014 0.0002 0.0000 0.0009 
0.0015 0.0002 0.0000 0.0011 
0.0017 0.0003 0.0000 0.0013 
0.0018 0.0003 0.0000 0.0016 
0.0020 0.0004 0.0000 0.0019 
0.0022 0.0004 0.0000 0.0022 
0.0023 0.0005 0.0000 0.0025 
0.0025 0.0006 0.0000 0.0029 
0.0027 0.0007 0.0000 0.0033 
0.0029 0.0007 0.0000 0.0037 
0.0030 0.0008 0.0000 0.0042 
0.0032 0.0010 0.0001 0.0047 
0.0034 0.0011 0.0001 0.0052 
0.0036 0.0012 0.0001 0.0059 
0.0038 0.0013 0.0001 0.0065 
0.0041 0.0015 0.0001 0.0072 
0.0043 0.0016 0.0001 0.0079 
0.0045 0.0018 0.0001 0.0087 
0.0047 0.0020 0.0001 0.0096 
0.0050 0.0021 0.0001 0.0105 
0.0052 0.0023 0.0001 0.0114 
0.0055 0.0025 0.0001 0.0124 
0.0057 0.0028 0.0001 0.0135 
0.0060 0.0030 0.0002 0.0146 
0.0062 0.0032 0.0002 0.0158 
0.0065 0.0035 0.0002 0.0170 
0.0068 0.0038 0.0002 0.0183 
0.0070 0.0041 0.0002 0.0197 
0.0073 0.0044 0.0002 0.0211 
0.0076 0.0047 0.0003 0.0226 
0.0079 0.0050 0.0003 0.0242 
0.0082 0.0053 0.0003 0.0258 
0.0085 0.0057 0.0003 0.0275 
0.0088 0.0061 0.0003 0.0292 
0.0091 0.0065 0.0003 0.0311 
0.0095 0.0069 0.0004 0.0330 
0.0098 0.0073 0.0004 0.0349 
0.0101 0.0077 0.0004 0.0370 
0.0104 0.0082 0.0004 0.0391 
0.0108 0.0086 0.0005 0.0413 
0.0111 0.0091 0.0005 0.0436 
0.0115 0.0096 0.0005 0.0459 
0.0119 0.0101 0.0005 0.0483 
0.0122 0.0107 0.0006 0.0508 
0.0126 0.0112 0.0006 0.0534 
0.0130 0.0118 0.0006 0.0561 
0.0134 0.0124 0.0007 0.0588 
0.0138 0.0130 0.0007 0.0616 
0.0142 0.0137 0.0007 0.0645 
0.0146 0.0143 0.0008 0.0674 
0.0150 0.0150 0.0008 0.0705 
0.0154 0.0157 0.0008 0.0736 
0.0158 0.0164 0.0009 0.0768 
0.0163 0.0171 0.0009 0.0801 
0.0167 0.0179 0.0009 0.0834 
0.0171 0.0186 0.0010 0.0869 
0.0176 0.0194 0.0010 0.0904 
0.0180 0.0202 0.0010 0.0940 
0.0185 0.0210 0.0011 0.0976 
0.0190 0.0219 0.0011 0.1013 
0.0194 0.0227 0.0012 0.1051 
0.0199 0.0236 0.0012 0.1089 
0.0204 0.0245 0.0013 0.1127 
0.0209 0.0254 0.0013 0.1167 
0.0214 0.0263 0.0013 0.1206 
0.0219 0.0272 0.0014 0.1246 
0.0224 0.0282 0.0014 0.1287 
0.0229 0.0292 0.0015 0.1328 
0.0234 0.0301 0.0015 0.1369 
0.0239 0.0311 0.0016 0.1411 
0.0244 0.0321 0.0016 0.1454 
0.0249 0.0331 0.0017 0.1497 
0.0254 0.0342 0.0017 0.1540 
0.0260 0.0352 0.0018 0.1584 
0.0265 0.0363 0.0018 0.1628 
0.0271 0.0374 0.0019 0.1673 
0.0276 0.0385 0.0019 0.1717 
0.0281 0.0396 0.0020 0.1763 
0.0287 0.0407 0.0020 0.1809 
0.0293 0.0419 0.0021 0.1855 
0.0298 0.0430 0.0021 0.1901 
0.0304 0.0442 0.0022 0.1948 
0.0310 0.0454 0.0022 0.1995 
0.0316 0.0466 0.0023 0.2043 
0.0322 0.0478 0.0024 0.2091 
0.0328 0.0490 0.0024 0.2139 
0.0334 0.0503 0.0025 0.2188 
0.0340 0.0516 0.0025 0.2237 
0.0346 0.0528 0.0026 0.2287 
0.0352 0.0541 0.0026 0.2336 
0.0358 0.0555 0.0027 0.2387 
0.0365 0.0568 0.0027 0.2437 
0.0371 0.0581 0.0028 0.2488 
0.0378 0.0595 0.0029 0.2539 
0.0384 0.0609 0.0029 0.2590 
0.0391 0.0623 0.0030 0.2642 
0.0398 0.0637 0.0030 0.2694 
0.0405 0.0652 0.0031 0.2747 
0.0411 0.0666 0.0032 0.2799 
0.0418 0.0681 0.0032 0.2853 
0.0426 0.0696 0.0033 0.2906 
0.0433 0.0711 0.0034 0.2960 
0.0440 0.0727 0.0034 0.3014 
0.0447 0.0742 0.0035 0.3068 
0.0455 0.0758 0.0035 0.3123 
0.0462 0.0774 0.0036 0.3178 
0.0470 0.0790 0.0037 0.3233 
0.0478 0.0807 0.0037 0.3289 
0.0485 0.0823 0.0038 0.3344 
0.0493 0.0840 0.0039 0.3401 
0.0501 0.0858 0.0039 0.3457 
0.0510 0.0875 0.0040 0.3514 
0.0518 0.0893 0.0041 0.3571 
0.0526 0.0910 0.0041 0.3629 
0.0535 0.0929 0.0042 0.3686 
0.0544 0.0947 0.0043 0.3745 
0.0552 0.0966 0.0043 0.3803 
0.0561 0.0985 0.0044 0.3862 
0.0570 0.1004 0.0045 0.3921 
0.0580 0.1024 0.0046 0.3980 
0.0589 0.1044 0.0046 0.4040 
0.0598 0.1064 0.0047 0.4100 
0.0608 0.1084 0.0048 0.4160 
0.0618 0.1105 0.0049 0.4221 
0.0628 0.1126 0.0049 0.4282 
0.0638 0.1148 0.0050 0.4344 
0.0649 0.1170 0.0051 0.4405 
0.0659 0.1192 0.0052 0.4467 
0.0670 0.1215 0.0052 0.4530 
0.0681 0.1238 0.0053 0.4592 
0.0692 0.1262 0.0054 0.4656 
0.0703 0.1286 0.0055 0.4719 
0.0715 0.1310 0.0055 0.4783 
0.0727 0.1335 0.0056 0.4847 
0.0739 0.1360 0.0057 0.4912 
0.0751 0.1386 0.0058 0.4977 
0.0764 0.1413 0.0059 0.5042 
0.0777 0.1440 0.0060 0.5108 
0.0790 0.1468 0.0060 0.5174 
0.0803 0.1496 0.0061 0.5241 
0.0817 0.1525 0.0062 0.5308 
0.0831 0.1554 0.0063 0.5375 
0.0846 0.1584 0.0064 0.5443 
0.0861 0.1615 0.0065 0.5511 
0.0876 0.1647 0.0066 0.5580 
0.0892 0.1680 0.0067 0.5649 
0.0908 0.1713 0.0067 0.5719 
0.0924 0.1747 0.0068 0.5789 
0.0942 0.1783 0.0069 0.5859 
0.0959 0.1819 0.0070 0.5930 
0.0977 0.1856 0.0071 0.6002 
0.0996 0.1895 0.0072 0.6074 
0.1015 0.1935 0.0073 0.6147 
0.1035 0.1976 0.0074 0.6220 
0.1056 0.2018 0.0075 0.6294 
0.1078 0.2062 0.0076 0.6369 
0.1100 0.2108 0.0077 0.6444 
0.1124 0.2156 0.0079 0.6521 
0.1148 0.2206 0.0080 0.6598 
0.1174 0.2258 0.0081 0.6676 
0.1201 0.2313 0.0082 0.6755 
0.1230 0.2371 0.0083 0.6835 
0.1261 0.2432 0.0085 0.6917 
0.1293 0.2497 0.0086 0.7000 
0.1327 0.2566 0.0087 0.7083 
0.1364 0.2638 0.0089 0.7167 
0.1401 0.2712 0.0090 0.7248 
0.1438 0.2786 0.0091 0.7325 
0.1476 0.2860 0.0093 0.7397 
0.1514 0.2934 0.0094 0.7465 
0.1552 0.3009 0.0095 0.7529 
0.1590 0.3083 0.0097 0.7590 
0.1628 0.3158 0.0098 0.7646 
0.1667 0.3234 0.0099 0.7700 
0.1707 0.3310 0.0100 0.7750 
0.1746 0.3386 0.0101 0.7796 
0.1786 0.3463 0.0102 0.7839 
0.1826 0.3539 0.0103 0.7878 
0.1867 0.3616 0.0105 0.7914 
0.1908 0.3693 0.0106 0.7947 
0.1949 0.3771 0.0107 0.7976 
0.1990 0.3849 0.0108 0.8002 
0.2032 0.3927 0.0109 0.8026 
0.2074 0.4005 0.0110 0.8046 
0.2116 0.4084 0.0111 0.8063 
0.2159 0.4163 0.0111 0.8077 
0.2203 0.4243 0.0112 0.8088 
0.2246 0.4323 0.0113 0.8097 
0.2290 0.4403 0.0114 0.8102 
0.2335 0.4484 0.0115 0.8105 
0.2380 0.4565 0.0116 0.8105 
0.2426 0.4646 0.0117 0.8102 
0.2471 0.4728 0.0118 0.8096 
0.2518 0.4810 0.0118 0.8088 
0.2565 0.4893 0.0119 0.8077 
0.2612 0.4976 0.0120 0.8063 
0.2660 0.5059 0.0121 0.8046 
0.2708 0.5143 0.0122 0.8027 
0.2757 0.5227 0.0122 0.8006 
0.2806 0.5312 0.0123 0.7981 
0.2856 0.5397 0.0124 0.7954 
0.2907 0.5482 0.0125 0.7924 
0.2958 0.5568 0.0125 0.7892 
0.3010 0.5654 0.0126 0.7857 
0.3062 0.5740 0.0127 0.7819 
0.3115 0.5827 0.0128 0.7779 
0.3168 0.5914 0.0128 0.7736 
0.3222 0.6001 0.0129 0.7691 
0.3277 0.6089 0.0130 0.7643 
0.3333 0.6177 0.0131 0.7592 
0.3389 0.6265 0.0131 0.7538 
0.3446 0.6353 0.0132 0.7482 
0.3503 0.6442 0.0133 0.7423 
0.3562 0.6531 0.0134 0.7362 
0.3621 0.6621 0.0134 0.7297 
0.3681 0.6710 0.0135 0.7230 
0.3741 0.6800 0.0136 0.7160 
0.3803 0.6889 0.0136 0.7087 
0.3865 0.6979 0.0137 0.7011 
0.3928 0.7070 0.0138 0.6933 
0.3992 0.7160 0.0139 0.6851 
0.4057 0.7250 0.0139 0.6766 
0.4123 0.7340 0.0140 0.6679 
0.4190 0.7431 0.0141 0.6588 
0.4258 0.7521 0.0142 0.6494 
0.4327 0.7611 0.0142 0.6397 
0.4397 0.7701 0.0143 0.6296 
0.4468 0.7791 0.0144 0.6192 
0.4540 0.7881 0.0145 0.6085 
0.4613 0.7970 0.0145 0.5974 
0.4688 0.8060 0.0146 0.5860 
0.4763 0.8148 0.0147 0.5742 
0.4840 0.8237 0.0148 0.5620 
0.4919 0.8325 0.0149 0.5494 
0.4998 0.8412 0.0150 0.5365 
0.5079 0.8499 0.0150 0.5231 
0.5162 0.8585 0.0151 0.5093 
0.5246 0.8670 0.0152 0.4951 
0.5332 0.8754 0.0153 0.4805 
0.5419 0.8837 0.0154 0.4654 
0.5508 0.8919 0.0155 0.4499 
0.5599 0.8999 0.0156 0.4338 
0.5691 0.9079 0.0157 0.4173 
0.5786 0.9156 0.0158 0.4003 
0.5882 0.9232 0.0159 0.3827 
0.5981 0.9306 0.0160 0.3646 
0.6081 0.9378 0.0161 0.3460 
0.6184 0.9447 0.0162 0.3268 
0.6289 0.9514 0.0163 0.3069 
0.6397 0.9578 0.0164 0.2865 
0.6507 0.9639 0.0165 0.2654 
0.6620 0.9697 0.0166 0.2437 
0.6735 0.9751 0.0167 0.2213 
0.6854 0.9801 0.0168 0.1981 
0.6976 0.9846 0.0170 0.1743 
0.7101 0.9887 0.0171 0.1497 
0.7229 0.9922 0.0172 0.1243 
0.7361 0.9951 0.0174 0.0981 
0.7497 0.9975 0.0175 0.0710 
0.7637 0.9991 0.0176 0.0431 
0.7781 0.9999 0.0178 0.0143 
0.7930 0.9999 0.0179 -0.0154 
0.8084 0.9989 0.0181 -0.0461 
0.8243 0.9970 0.0182 -0.0778 
0.8407 0.9939 0.0184 -0.1105 
0.8577 0.9895 0.0186 -0.1443 
0.8754 0.9838 0.0188 -0.1791 
0.8937 0.9766 0.0189 -0.2150 
0.9128 0.9677 0.0191 -0.2521 
0.9327 0.9569 0.0193 -0.2903 
0.9534 0.9441 0.0195 -0.3297 
0.9750 0.9289 0.0198 -0.3703 
0.9977 0.9112 0.0200 -0.4119 
1.0214 0.8906 0.0202 -0.4548 
1.0464 0.8668 0.0205 -0.4986 
1.0722 0.8400 0.0207 -0.5426 
1.0981 0.8108 0.0210 -0.5854 
1.1241 0.7791 0.0212 -0.6269 
1.1504 0.7451 0.0215 -0.6669 
1.1769 0.7088 0.0218 -0.7055 
1.2037 0.6700 0.0220 -0.7423 
1.2304 0.6294 0.0223 -0.7771 
1.2569 0.5873 0.0226 -0.8094 
1.2832 0.5440 0.0228 -0.8391 
1.3093 0.4995 0.0231 -0.8663 
1.3352 0.4539 0.0234 -0.8910 
1.3610 0.4075 0.0236 -0.9132 
1.3866 0.3602 0.0239 -0.9329 
1.4121 0.3121 0.0241 -0.9500 
1.4375 0.2635 0.0244 -0.9647 
1.4628 0.2143 0.0246 -0.9768 
1.4880 0.1647 0.0249 -0.9863 
1.5132 0.1149 0.0251 -0.9934 
1.5384 0.0648 0.0254 -0.9979 
1.5635 0.0146 0.0256 -0.9999 
1.5886 -0.0356 0.0259 -0.9994 
1.6137 -0.0857 0.0261 -0.9963 
1.6388 -0.1356 0.0264 -0.9908 
1.6640 -0.1852 0.0266 -0.9827 
1.6891 -0.2344 0.0269 -0.9721 
1.7143 -0.2831 0.0271 -0.9591 
1.7396 -0.3312 0.0274 -0.9435 
1.7650 -0.3786 0.0276 -0.9255 
1.7904 -0.4252 0.0279 -0.9051 
1.8160 -0.4709 0.0282 -0.8822 
1.8416 -0.5156 0.0284 -0.8569 
1.8674 -0.5591 0.0287 -0.8291 
1.8934 -0.6014 0.0289 -0.7990 
1.9196 -0.6423 0.0292 -0.7664 
1.9459 -0.6818 0.0295 -0.7315 
1.9725 -0.7198 0.0297 -0.6942 
1.9994 -0.7560 0.0300 -0.6546 
2.0261 -0.7898 0.0303 -0.6133 
2.0525 -0.8211 0.0305 -0.5708 
2.0787 -0.8499 0.0308 -0.5270 
2.1047 -0.8761 0.0310 -0.4821 
2.1305 -0.8999 0.0313 -0.4361 
2.1562 -0.9211 0.0316 -0.3893 
2.1818 -0.9398 0.0318 -0.3417 
2.2073 -0.9560 0.0321 -0.2935 
2.2326 -0.9696 0.0323 -0.2446 
2.2579 -0.9807 0.0326 -0.1953 
2.2831 -0.9893 0.0328 -0.1456 
2.3083 -0.9954 0.0331 -0.0956 
2.3335 -0.9990 0.0333 -0.0455 
2.3586 -1.0000 0.0336 0.0048 
2.3837 -0.9985 0.0338 0.0549 
2.4088 -0.9945 0.0341 0.1050 
2.4339 -0.9880 0.0343 0.1548 
2.4590 -0.9789 0.0346 0.2042 
2.4842 -0.9674 0.0348 0.2533 
2.5095 -0.9534 0.0351 0.3017 
2.5348 -0.9369 0.0353 0.3496 
2.5601 -0.9180 0.0356 0.3967 
2.5856 -0.8966 0.0359 0.4429 
2.6112 -0.8727 0.0361 0.4882 
2.6369 -0.8465 0.0364 0.5325 
2.6628 -0.8178 0.0366 0.5755 
2.6889 -0.7867 0.0369 0.6173 
2.7151 -0.7533 0.0372 0.6577 
2.7415 -0.7174 0.0374 0.6966 
2.7682 -0.6792 0.0377 0.7339 
2.7951 -0.6389 0.0380 0.7693 
2.8216 -0.5971 0.0382 0.8021 
2.8480 -0.5541 0.0385 0.8325 
2.8741 -0.5098 0.0387 0.8603 
2.9000 -0.4645 0.0390 0.8856 
2.9258 -0.4183 0.0393 0.9083 
2.9515 -0.3711 0.0395 0.9286 
2.9770 -0.3233 0.0398 0.9463 
3.0024 -0.2747 0.0400 0.9615 
3.0278 -0.2257 0.0403 0.9742 
3.0530 -0.1762 0.0405 0.9844 
3.0782 -0.1264 0.0408 0.9920 
3.1034 -0.0763 0.0410 0.9971 
3.1285 -0.0261 0.0413 0.9997 
3.1536 0.0241 0.0415 0.9997 
3.1787 0.0742 0.0418 0.9972 
3.2038 0.1242 0.0420 0.9923 
3.2290 0.1738 0.0423 0.9848 
3.2541 0.2231 0.0425 0.9748 
3.2793 0.2720 0.0428 0.9623 
3.3046 0.3202 0.0430 0.9473 
3.3299 0.3678 0.0433 0.9299 
3.3553 0.4146 0.0436 0.9100 
3.3809 0.4605 0.0438 0.8877 
3.4065 0.5054 0.0441 0.8629 
3.4323 0.5492 0.0443 0.8357 
3.4582 0.5918 0.0446 0.8061 
3.4843 0.6330 0.0448 0.7741 
3.5106 0.6729 0.0451 0.7398 
3.5372 0.7112 0.0454 0.7030 
3.5640 0.7478 0.0456 0.6639 
3.5907 0.7822 0.0459 0.6230 
3.6172 0.8141 0.0462 0.5807 
3.6434 0.8435 0.0464 0.5372 
3.6695 0.8703 0.0467 0.4925 
3.6954 0.8946 0.0470 0.4469 
3.7211 0.9164 0.0472 0.4002 
3.7467 0.9357 0.0475 0.3528 
3.7722 0.9525 0.0477 0.3047 
3.7976 0.9667 0.0480 0.2560 
3.8229 0.9784 0.0482 0.2067 
3.8481 0.9876 0.0485 0.1571 
3.8733 0.9942 0.0487 0.1072 
3.8984 0.9984 0.0490 0.0571 
3.9236 1.0000 0.0492 0.0069 
3.9487 0.9991 0.0495 -0.0433 
3.9738 0.9956 0.0497 -0.0934 
3.9989 0.9897 0.0500 -0.1433 
4.0240 0.9812 0.0502 -0.1928 
4.0492 0.9703 0.0505 -0.2420 
4.0744 0.9569 0.0507 -0.2906 
4.0997 0.9409 0.0510 -0.3386 
4.1251 0.9226 0.0513 -0.3859 
4.1505 0.9017 0.0515 -0.4323 
4.1761 0.8785 0.0518 -0.4778 
4.2018 0.8528 0.0520 -0.5223 
4.2276 0.8246 0.0523 -0.5657 
4.2536 0.7941 0.0525 -0.6078 
4.2798 0.7612 0.0528 -0.6485 
4.3062 0.7259 0.0531 -0.6878 
4.3328 0.6883 0.0533 -0.7254 
4.3597 0.6483 0.0536 -0.7614 
4.3864 0.6068 0.0539 -0.7948 
4.4127 0.5641 0.0541 -0.8257 
4.4389 0.5201 0.0544 -0.8541 
4.4649 0.4750 0.0546 -0.8800 
4.4907 0.4289 0.0549 -0.9033 
4.5164 0.3820 0.0552 -0.9242 
4.5420 0.3343 0.0554 -0.9425 
4.5674 0.2859 0.0557 -0.9583 
4.5928 0.2370 0.0559 -0.9715 
4.6180 0.1876 0.0562 -0.9822 
4.6433 0.1378 0.0564 -0.9905 
4.6684 0.0878 0.0567 -0.9961 
4.6936 0.0377 0.0569 -0.9993 
4.7187 -0.0125 0.0572 -0.9999 
4.7438 -0.0627 0.0574 -0.9980 
4.7689 -0.1127 0.0577 -0.9936 
4.7940 -0.1625 0.0579 -0.9867 
4.8191 -0.2119 0.0582 -0.9773 
4.8443 -0.2608 0.0584 -0.9654 
4.8696 -0.3092 0.0587 -0.9510 
4.8949 -0.3569 0.0589 -0.9341 
4.9203 -0.4039 0.0592 -0.9148 
4.9458 -0.4500 0.0595 -0.8930 
4.9714 -0.4952 0.0597 -0.8688 
4.9971 -0.5392 0.0600 -0.8422 
5.0230 -0.5821 0.0602 -0.8131 
5.0491 -0.6237 0.0605 -0.7817 
5.0754 -0.6639 0.0608 -0.7479 
5.1019 -0.7025 0.0610 -0.7117 
5.1286 -0.7396 0.0613 -0.6731 
5.1554 -0.7745 0.0616 -0.6325 
5.1819 -0.8070 0.0618 -0.5905 
5.2082 -0.8369 0.0621 -0.5473 
5.2343 -0.8644 0.0623 -0.5029 
5.2602 -0.8893 0.0626 -0.4574 
5.2860 -0.9116 0.0629 -0.4110 
5.3116 -0.9315 0.0631 -0.3638 
5.3371 -0.9488 0.0634 -0.3158 
5.3626 -0.9636 0.0636 -0.2672 
5.3879 -0.9759 0.0639 -0.2181 
5.4131 -0.9857 0.0641 -0.1685 
5.4383 -0.9929 0.0644 -0.1187 
5.4635 -0.9976 0.0646 -0.0686 
5.4886 -0.9998 0.0649 -0.0184 
5.5137 -0.9995 0.0651 0.0318 
5.5388 -0.9966 0.0654 0.0819 
5.5639 -0.9913 0.0656 0.1319 
5.5890 -0.9834 0.0659 0.1815 
5.6142 -0.9730 0.0661 0.2307 
5.6394 -0.9602 0.0664 0.2795 
5.6647 -0.9448 0.0666 0.3276 
5.6900 -0.9270 0.0669 0.3751 
5.7155 -0.9067 0.0672 0.4217 
5.7410 -0.8840 0.0674 0.4675 
5.7667 -0.8589 0.0677 0.5122 
5.7925 -0.8313 0.0679 0.5558 
5.8184 -0.8013 0.0682 0.5982 
5.8446 -0.7690 0.0684 0.6393 
5.8709 -0.7342 0.0687 0.6789 
5.8975 -0.6971 0.0690 0.7169 
5.9243 -0.6577 0.0692 0.7533 
5.9510 -0.6165 0.0695 0.7873 
5.9775 -0.5741 0.0698 0.8188 
6.0037 -0.5303 0.0700 0.8478 
6.0297 -0.4855 0.0703 0.8742 
6.0556 -0.4397 0.0706 0.8982 
6.0813 -0.3929 0.0708 0.9196 
6.1069 -0.3454 0.0711 0.9385 
6.1323 -0.2972 0.0713 0.9548 
6.1577 -0.2483 0.0716 0.9687 
6.1830 -0.1990 0.0718 0.9800 
6.2082 -0.1494 0.0721 0.9888 
6.2334 -0.0994 0.0723 0.9950 
6.2585 -0.0493 0.0726 0.9988 
6.2837 0.0009 0.0728 1.0000 
6.3088 0.0511 0.0731 0.9987 
6.3339 0.1012 0.0733 0.9949 
6.3590 0.1510 0.0736 0.9885 
6.3841 0.2005 0.0738 0.9797 
6.4093 0.2496 0.0741 0.9684 
6.4345 0.2981 0.0743 0.9545 
6.4598 0.3460 0.0746 0.9382 
6.4852 0.3931 0.0749 0.9195 
6.5107 0.4395 0.0751 0.8983 
6.5363 0.4848 0.0754 0.8746 
6.5620 0.5291 0.0756 0.8485 
6.5878 0.5723 0.0759 0.8200 
6.6139 0.6142 0.0761 0.7892 
6.6401 0.6547 0.0764 0.7559 
6.6665 0.6937 0.0767 0.7202 
6.6932 0.7312 0.0769 0.6822 
6.7200 0.7667 0.0772 0.6420 
6.7466 0.7998 0.0775 0.6003 
6.7730 0.8303 0.0777 0.5573 
6.7991 0.8583 0.0780 0.5132 
6.8251 0.8837 0.0783 0.4680 
6.8509 0.9067 0.0785 0.4218 
6.8765 0.9271 0.0788 0.3747 
6.9021 0.9451 0.0790 0.3269 
6.9275 0.9605 0.0793 0.2784 
6.9529 0.9733 0.0795 0.2294 
6.9781 0.9837 0.0798 0.1799 
7.0033 0.9915 0.0800 0.1301 
7.0285 0.9968 0.0803 0.0801 
7.0536 0.9996 0.0805 0.0299 
7.0787 0.9998 0.0808 -0.0203 
7.1038 0.9975 0.0810 -0.0704 
7.1289 0.9927 0.0813 -0.1204 
7.1541 0.9854 0.0815 -0.1701 
7.1792 0.9756 0.0818 -0.2195 
7.2044 0.9633 0.0820 -0.2683 
7.2297 0.9485 0.0823 -0.3166 
7.2550 0.9313 0.0825 -0.3643 
7.2804 0.9116 0.0828 -0.4111 
7.3059 0.8894 0.0831 -0.4571 
7.3316 0.8648 0.0833 -0.5020 
7.3573 0.8378 0.0836 -0.5459 
7.3832 0.8084 0.0838 -0.5886 
7.4093 0.7766 0.0841 -0.6300 
7.4356 0.7424 0.0844 -0.6699 
7.4622 0.7059 0.0846 -0.7084 
7.4889 0.6669 0.0849 -0.7451 
7.5157 0.6261 0.0852 -0.7797 
7.5422 0.5840 0.0854 -0.8118 
7.5685 0.5405 0.0857 -0.8413 
7.5945 0.4959 0.0859 -0.8684 
7.6204 0.4503 0.0862 -0.8929 
7.6462 0.4038 0.0865 -0.9149 
7.6718 0.3564 0.0867 -0.9343 
7.6973 0.3083 0.0870 -0.9513 
7.7227 0.2596 0.0872 -0.9657 
7.7480 0.2104 0.0875 -0.9776 
7.7732 0.1608 0.0877 -0.9870 
7.7984 0.1109 0.0880 -0.9938 
7.8236 0.0608 0.0882 -0.9981 
7.8487 0.0106 0.0885 -0.9999 
7.8738 -0.0396 0.0887 -0.9992 
7.8989 -0.0897 0.0890 -0.9960 
7.9240 -0.1396 0.0892 -0.9902 
7.9491 -0.1891 0.0895 -0.9820 
7.9743 -0.2383 0.0897 -0.9712 
7.9995 -0.2870 0.0900 -0.9579 
8.0248 -0.3350 0.0902 -0.9422 
8.0501 -0.3823 0.0905 -0.9240 
8.0756 -0.4289 0.0908 -0.9034 
8.1012 -0.4745 0.0910 -0.8803 
8.1268 -0.5190 0.0913 -0.8548 
8.1527 -0.5625 0.0915 -0.8268 
8.1787 -0.6047 0.0918 -0.7965 
8.2048 -0.6455 0.0920 -0.7638 
8.2312 -0.6849 0.0923 -0.7286 
8.2578 -0.7227 0.0926 -0.6912 
8.2847 -0.7588 0.0928 -0.6513 
8.3114 -0.7924 0.0931 -0.6100 
8.3378 -0.8235 0.0934 -0.5673 
8.3639 -0.8521 0.0936 -0.5234 
8.3899 -0.8781 0.0939 -0.4784 
8.4158 -0.9017 0.0942 -0.4324 
8.4415 -0.9227 0.0944 -0.3856 
8.4670 -0.9412 0.0947 -0.3379 
8.4925 -0.9572 0.0949 -0.2896 
8.5178 -0.9706 0.0952 -0.2407 
8.5431 -0.9815 0.0954 -0.1913 
8.5683 -0.9899 0.0957 -0.1416 
8.5935 -0.9958 0.0959 -0.0916 
8.6187 -0.9991 0.0962 -0.0414 
8.6438 -1.0000 0.0964 0.0088 
8.6689 -0.9983 0.0967 0.0589 
8.6940 -0.9940 0.0969 0.1090 
8.7191 -0.9873 0.0972 0.1587 
8.7442 -0.9781 0.0974 0.2082 
8.7694 -0.9664 0.0977 0.2572 
8.7947 -0.9522 0.0979 0.3056 
8.8200 -0.9355 0.0982 0.3534 
8.8454 -0.9163 0.0985 0.4004 
8.8709 -0.8947 0.0987 0.4466 
8.8965 -0.8707 0.0990 0.4918 
8.9222 -0.8442 0.0992 0.5360 
8.9481 -0.8154 0.0995 0.5789 
8.9741 -0.7841 0.0997 0.6206 
9.0004 -0.7505 0.1000 0.6609 
9.0269 -0.7145 0.1003 0.6997 
9.0536 -0.6761 0.1005 0.7368 
9.0804 -0.6356 0.1008 0.7720 
9.1069 -0.5937 0.1011 0.8047 
9.1333 -0.5506 0.1013 0.8348 
9.1594 -0.5062 0.1016 0.8624 
9.1853 -0.4609 0.1019 0.8875 
9.2111 -0.4145 0.1021 0.9100 
9.2367 -0.3673 0.1024 0.9301 
9.2622 -0.3194 0.1026 0.9476 
9.2876 -0.2708 0.1029 0.9626 
9.3130 -0.2217 0.1031 0.9751 
9.3382 -0.1722 0.1034 0.9851 
9.3634 -0.1224 0.1036 0.9925 
9.3886 -0.0723 0.1039 0.9974 
9.4137 -0.0221 0.1041 0.9998 
9.4388 0.0281 0.1044 0.9996 
9.4639 0.0782 0.1046 0.9969 
9.4890 0.1281 0.1049 0.9918 
9.5142 0.1778 0.1051 0.9841 
9.5393 0.2271 0.1054 0.9739 
9.5645 0.2759 0.1056 0.9612 
9.5898 0.3241 0.1059 0.9460 
9.6151 0.3716 0.1062 0.9284 
9.6406 0.4183 0.1064 0.9083 
9.6661 0.4641 0.1067 0.8858 
9.6917 0.5089 0.1069 0.8608 
9.7175 0.5526 0.1072 0.8334 
9.7435 0.5951 0.1074 0.8036 
9.7696 0.6363 0.1077 0.7715 
9.7959 0.6760 0.1080 0.7369 
9.8225 0.7142 0.1082 0.7000 
9.8493 0.7507 0.1085 0.6607 
9.8760 0.7849 0.1088 0.6197 
9.9025 0.8165 0.1090 0.5773 
9.9287 0.8457 0.1093 0.5337 
9.9548 0.8723 0.1095 0.4889 
9.9806 0.8965 0.1098 0.4431 
10.0063 0.9181 0.1101 0.3965 
10.0319 0.9371 0.1103 0.3490 
10.0574 0.9537 0.1106 0.3008 
10.0828 0.9677 0.1108 0.2520 
10.1081 0.9792 0.1111 0.2027 
10.1333 0.9882 0.1113 0.1531 
10.1585 0.9947 0.1116 0.1031 
10.1837 0.9986 0.1118 0.0530 
10.2088 1.0000 0.1121 0.0028 
10.2339 0.9989 0.1123 -0.0474 
10.2590 0.9952 0.1126 -0.0974 
10.2841 0.9891 0.1128 -0.1473 
10.3092 0.9804 0.1131 -0.1968 
10.3344 0.9693 0.1133 -0.2459 
10.3596 0.9557 0.1136 -0.2945 
10.3849 0.9395 0.1138 -0.3424 
10.4103 0.9210 0.1141 -0.3896 
10.4358 0.8999 0.1144 -0.4360 
10.4613 0.8765 0.1146 -0.4815 
10.4870 0.8506 0.1149 -0.5259 
10.5129 0.8223 0.1151 -0.5691 
10.5389 0.7915 0.1154 -0.6111 
10.5651 0.7584 0.1157 -0.6517 
10.5915 0.7230 0.1159 -0.6909 
10.6182 0.6851 0.1162 -0.7284 
10.6451 0.6450 0.1165 -0.7642 
10.6717 0.6035 0.1167 -0.7974 
10.6980 0.5606 0.1170 -0.8281 
10.7242 0.5165 0.1172 -0.8563 
10.7502 0.4714 0.1175 -0.8819 
10.7760 0.4252 0.1178 -0.9051 
10.8016 0.3782 0.1180 -0.9257 
10.8272 0.3304 0.1183 -0.9438 
10.8526 0.2820 0.1185 -0.9594 
10.8780 0.2330 0.1188 -0.9725 
10.9032 0.1836 0.1190 -0.9830 
10.9285 0.1338 0.1193 -0.9910 
10.9536 0.0838 0.1195 -0.9965 
10.9787 0.0336 0.1198 -0.9994 
11.0039 -0.0166 0.1200 -0.9999 
11.0290 -0.0667 0.1203 -0.9978 
11.0541 -0.1167 0.1205 -0.9932 
11.0792 -0.1664 0.1208 -0.9861 
11.1043 -0.2158 0.1210 -0.9764 
11.1295 -0.2647 0.1213 -0.9643 
11.1548 -0.3131 0.1215 -0.9497 
11.1801 -0.3607 0.1218 -0.9327 
11.2055 -0.4076 0.1221 -0.9131 
11.2310 -0.4537 0.1223 -0.8912 
11.2566 -0.4987 0.1226 -0.8668 
11.2824 -0.5427 0.1228 -0.8399 
11.3083 -0.5855 0.1231 -0.8107 
11.3344 -0.6270 0.1233 -0.7791 
11.3607 -0.6670 0.1236 -0.7450 
11.3872 -0.7056 0.1239 -0.7086 
11.4139 -0.7425 0.1241 -0.6699 
11.4407 -0.7772 0.1244 -0.6292 
11.4672 -0.8095 0.1247 -0.5871 
11.4935 -0.8392 0.1249 -0.5438 
11.5196 -0.8664 0.1252 -0.4993 
11.5455 -0.8911 0.1255 -0.4537 
11.5712 -0.9133 0.1257 -0.4073 
11.5969 -0.9330 0.1260 -0.3599 
11.6224 -0.9501 0.1262 -0.3119 
11.6478 -0.9647 0.1265 -0.2633 
11.6731 -0.9768 0.1267 -0.2141 
11.6983 -0.9864 0.1270 -0.1645 
11.7235 -0.9934 0.1272 -0.1146 
11.7487 -0.9979 0.1275 -0.0645 
11.7738 -0.9999 0.1277 -0.0144 
11.7989 -0.9994 0.1280 0.0359 
11.8240 -0.9963 0.1282 0.0860 
11.8491 -0.9907 0.1285 0.1359 
11.8742 -0.9827 0.1287 0.1855 
11.8994 -0.9721 0.1290 0.2347 
11.9246 -0.9590 0.1292 0.2834 
11.9499 -0.9435 0.1295 0.3315 
11.9753 -0.9255 0.1298 0.3789 
12.0007 -0.9050 0.1300 0.4254 
12.0262 -0.8821 0.1303 0.4711 
12.0519 -0.8567 0.1305 0.5158 
12.0777 -0.8290 0.1308 0.5593 
12.1037 -0.7988 0.1310 0.6016 
12.1299 -0.7663 0.1313 0.6425 
12.1562 -0.7313 0.1316 0.6820 
12.1828 -0.6940 0.1318 0.7199 
12.2097 -0.6544 0.1321 0.7562 
12.2364 -0.6131 0.1324 0.7900 
12.2628 -0.5706 0.1326 0.8213 
12.2890 -0.5267 0.1329 0.8500 
12.3150 -0.4818 0.1331 0.8763 
12.3408 -0.4359 0.1334 0.9000 
12.3665 -0.3891 0.1337 0.9212 
12.3921 -0.3415 0.1339 0.9399 
12.4176 -0.2932 0.1342 0.9560 
12.4429 -0.2444 0.1344 0.9697 
12.4682 -0.1950 0.1347 0.9808 
12.4935 -0.1453 0.1349 0.9894 
12.5186 -0.0953 0.1352 0.9954 
12.5438 -0.0452 0.1354 0.9990 
12.5689 0.0050 0.1357 1.0000 
12.5940 0.0552 0.1359 0.9985 
12.6191 0.1052 0.1362 0.9944 
12.6442 0.1550 0.1364 0.9879 
12.6693 0.2045 0.1367 0.9789 
12.6945 0.2535 0.1369 0.9673 
12.7198 0.3020 0.1372 0.9533 
12.7451 0.3498 0.1375 0.9368 
12.7705 0.3969 0.1377 0.9178 
12.7959 0.4432 0.1380 0.8964 
12.8215 0.4885 0.1382 0.8726 
12.8473 0.5327 0.1385 0.8463 
12.8731 0.5758 0.1387 0.8176 
12.8992 0.6175 0.1390 0.7865 
12.9254 0.6579 0.1393 0.7531 
12.9519 0.6968 0.1395 0.7172 
12.9786 0.7341 0.1398 0.6790 
13.0054 0.7695 0.1401 0.6387 
13.0320 0.8023 0.1403 0.5969 
13.0583 0.8326 0.1406 0.5538 
13.0844 0.8604 0.1408 0.5096 
13.1104 0.8857 0.1411 0.4643 
13.1362 0.9084 0.1414 0.4180 
13.1618 0.9287 0.1416 0.3709 
13.1873 0.9464 0.1419 0.3230 
13.2127 0.9616 0.1421 0.2745 
13.2381 0.9743 0.1424 0.2254 
13.2633 0.9844 0.1426 0.1759 
13.2885 0.9920 0.1429 0.1261 
13.3137 0.9971 0.1431 0.0761 
13.3388 0.9997 0.1434 0.0259 
13.3639 0.9997 0.1436 -0.0243 
13.3890 0.9972 0.1439 -0.0745 
13.4141 0.9922 0.1441 -0.1244 
13.4393 0.9847 0.1444 -0.1741 
13.4644 0.9747 0.1446 -0.2234 
13.4896 0.9622 0.1449 -0.2722 
13.5149 0.9473 0.1451 -0.3205 
13.5402 0.9298 0.1454 -0.3681 
13.5657 0.9099 0.1457 -0.4148 
13.5912 0.8875 0.1459 -0.4607 
13.6168 0.8628 0.1462 -0.5056 
13.6426 0.8356 0.1464 -0.5494 
13.6685 0.8059 0.1467 -0.5920 
13.6946 0.7739 0.1469 -0.6333 
13.7210 0.7396 0.1472 -0.6731 
13.7475 0.7028 0.1475 -0.7114 
13.7743 0.6637 0.1477 -0.7480 
13.8010 0.6228 0.1480 -0.7824 
13.8275 0.5805 0.1483 -0.8143 
13.8538 0.5370 0.1485 -0.8436 
13.8798 0.4923 0.1488 -0.8704 
13.9057 0.4466 0.1491 -0.8947 
13.9314 0.4000 0.1493 -0.9165 
13.9570 0.3525 0.1496 -0.9358 
13.9825 0.3044 0.1498 -0.9525 
14.0079 0.2557 0.1501 -0.9668 
14.0332 0.2064 0.1503 -0.9785 
14.0584 0.1568 0.1506 -0.9876 
14.0836 0.1069 0.1508 -0.9943 
14.1088 0.0568 0.1511 -0.9984 
14.1339 0.0066 0.1513 -1.0000 
14.1590 -0.0436 0.1516 -0.9990 
14.1841 -0.0937 0.1518 -0.9956 
14.2092 -0.1436 0.1521 -0.9896 
14.2343 -0.1931 0.1523 -0.9812 
14.2595 -0.2423 0.1526 -0.9702 
14.2847 -0.2909 0.1528 -0.9568 
14.3100 -0.3389 0.1531 -0.9408 
14.3354 -0.3861 0.1534 -0.9224 
14.3608 -0.4326 0.1536 -0.9016 
14.3864 -0.4781 0.1539 -0.8783 
14.4121 -0.5226 0.1541 -0.8526 
14.4379 -0.5659 0.1544 -0.8245 
14.4639 -0.6080 0.1546 -0.7939 
14.4901 -0.6487 0.1549 -0.7610 
14.5165 -0.6880 0.1552 -0.7257 
14.5432 -0.7257 0.1554 -0.6880 
14.5701 -0.7616 0.1557 -0.6480 
14.5967 -0.7950 0.1560 -0.6066 
14.6231 -0.8259 0.1562 -0.5638 
14.6493 -0.8543 0.1565 -0.5198 
14.6752 -0.8801 0.1568 -0.4747 
14.7011 -0.9035 0.1570 -0.4287 
14.7267 -0.9243 0.1573 -0.3817 
14.7523 -0.9426 0.1575 -0.3340 
14.7777 -0.9583 0.1578 -0.2856 
14.8031 -0.9716 0.1580 -0.2367 
14.8284 -0.9823 0.1583 -0.1873 
14.8536 -0.9905 0.1585 -0.1375 
14.8787 -0.9962 0.1588 -0.0875 
14.9039 -0.9993 0.1590 -0.0374 
14.9290 -0.9999 0.1593 0.0129 
14.9541 -0.9980 0.1595 0.0630 
14.9792 -0.9936 0.1598 0.1130 
15.0000 -0.9880 0.1600 0.1543 
